#w_matsubara  g11_Re     g11_Im     g12_Re     g12_Im     g13_Re     g13_Im     g12_nambu_Re     g12_nambu_Im     
 0.1308997  0.0202961 -0.4179446  0.1686576  0.0252567 -0.0387736  0.2216180 -0.0021312 -0.0000167
 0.3926991 -0.0040098 -0.3482693  0.1342555  0.0147700 -0.0181119  0.1380048 -0.0004434  0.0001383
 0.6544985 -0.0105349 -0.3051379  0.1102277  0.0106488 -0.0120151  0.0951553 -0.0001299  0.0000170
 0.9162979 -0.0113976 -0.2751420  0.0925025  0.0090516 -0.0100483  0.0698217 -0.0001353  0.0000180
 1.1780972 -0.0101803 -0.2525762  0.0790625  0.0083517 -0.0093702  0.0537954 -0.0001730 -0.0001072
 1.4398966 -0.0078935 -0.2344478  0.0690548  0.0081501 -0.0092529  0.0431154 -0.0001027 -0.0000338
 1.7016960 -0.0055177 -0.2201538  0.0611371  0.0080994 -0.0086480  0.0355310 -0.0000037 -0.0000950
 1.9634954 -0.0031156 -0.2072245  0.0545761  0.0077705 -0.0082033  0.0289816 -0.0000114  0.0000786
 2.2252948 -0.0005567 -0.1967299  0.0489620  0.0077352 -0.0080045  0.0245121 -0.0000240  0.0000255
 2.4870942  0.0012716 -0.1875458  0.0447291  0.0073757 -0.0073224  0.0208576  0.0000108  0.0000783
 2.7488936  0.0030041 -0.1795610  0.0406158  0.0070713 -0.0068983  0.0181893 -0.0000667 -0.0000960
 3.0106930  0.0045632 -0.1722083  0.0371660  0.0069549 -0.0064448  0.0156098 -0.0000026 -0.0000838
 3.2724923  0.0054847 -0.1654679  0.0341338  0.0066590 -0.0061272  0.0141194  0.0001051 -0.0000093
 3.5342917  0.0064522 -0.1596893  0.0316343  0.0063160 -0.0056057  0.0121583 -0.0000373  0.0001508
 3.7960911  0.0076908 -0.1541220  0.0292365  0.0057944 -0.0051523  0.0106501  0.0000059  0.0000236
 4.0578905  0.0084152 -0.1489610  0.0274064  0.0053675 -0.0046638  0.0096865 -0.0000575  0.0000049
 4.3196899  0.0084825 -0.1444525  0.0254385  0.0049560 -0.0044929  0.0084427 -0.0000973 -0.0000468
 4.5814893  0.0086209 -0.1396992  0.0237795  0.0045339 -0.0037944  0.0074985  0.0000121 -0.0000499
 4.8432887  0.0091962 -0.1359130  0.0223592  0.0044909 -0.0038127  0.0066487 -0.0000406 -0.0001213
 5.1050881  0.0088929 -0.1321676  0.0208056  0.0041633 -0.0033028  0.0063740  0.0000551  0.0000011
 5.3668874  0.0093091 -0.1285115  0.0194736  0.0038815 -0.0033000  0.0055210  0.0000189  0.0000400
 5.6286868  0.0093542 -0.1249516  0.0183319  0.0034573 -0.0031414  0.0051594 -0.0000727  0.0001723
 5.8904862  0.0093871 -0.1217645  0.0173592  0.0035215 -0.0027878  0.0046341 -0.0000899  0.0000807
 6.1522856  0.0094205 -0.1183944  0.0161791  0.0033035 -0.0030038  0.0039868  0.0001039 -0.0000456
 6.4140850  0.0092286 -0.1156893  0.0154260  0.0028363 -0.0029473  0.0037724  0.0000969 -0.0000579
 6.6758844  0.0093897 -0.1124224  0.0145587  0.0029737 -0.0024241  0.0033209  0.0000313  0.0000698
 6.9376838  0.0091706 -0.1100885  0.0137889  0.0026785 -0.0026022  0.0035092  0.0000120 -0.0000787
 7.1994832  0.0092103 -0.1071175  0.0134053  0.0027039 -0.0021058  0.0032676 -0.0000268 -0.0000136
 7.4612826  0.0087064 -0.1052215  0.0125357  0.0022888 -0.0019166  0.0026266  0.0000530  0.0000046
 7.7230819  0.0083956 -0.1024168  0.0117493  0.0023327 -0.0018031  0.0026786  0.0000271  0.0000386
 7.9848813  0.0087034 -0.0999519  0.0111535  0.0023237 -0.0015936  0.0021758  0.0000398  0.0000039
 8.2466807  0.0083105 -0.0980998  0.0105965  0.0020272 -0.0014538  0.0023302  0.0000148 -0.0001103
 8.5084801  0.0077543 -0.0958213  0.0101222  0.0017254 -0.0013913  0.0019797 -0.0000192 -0.0001115
 8.7702795  0.0077994 -0.0937211  0.0096737  0.0016476 -0.0016410  0.0022503 -0.0000618  0.0000705
 9.0320789  0.0079824 -0.0918120  0.0094564  0.0018380 -0.0013236  0.0017876 -0.0000004  0.0000310
 9.2938783  0.0078842 -0.0899556  0.0088639  0.0015694 -0.0013226  0.0017564 -0.0001217  0.0000761
 9.5556777  0.0074392 -0.0878706  0.0082285  0.0011334 -0.0009791  0.0016178 -0.0000996  0.0001141
 9.8174770  0.0067885 -0.0863879  0.0081157  0.0012991 -0.0008415  0.0017459 -0.0000111 -0.0000307
 10.0792764  0.0068381 -0.0843669  0.0078616  0.0012290 -0.0012000  0.0014866  0.0001124 -0.0000968
 10.3410758  0.0065104 -0.0829996  0.0074046  0.0012761 -0.0009328  0.0011315  0.0001986  0.0000169
 10.6028752  0.0065457 -0.0812371  0.0072682  0.0011818 -0.0010394  0.0014751 -0.0000295  0.0001057
 10.8646746  0.0061414 -0.0794397  0.0070501  0.0011565 -0.0011322  0.0010950 -0.0001045  0.0000945
 11.1264740  0.0063174 -0.0784903  0.0067854  0.0010911 -0.0007063  0.0012797 -0.0000869 -0.0000702
 11.3882734  0.0061548 -0.0771786  0.0066562  0.0012239 -0.0007248  0.0012919  0.0001549 -0.0000409
 11.6500728  0.0060688 -0.0752872  0.0060848  0.0009502 -0.0004309  0.0006894  0.0000074 -0.0000799
 11.9118721  0.0061823 -0.0745747  0.0059658  0.0007263 -0.0010271  0.0010533  0.0000583  0.0001204
 12.1736715  0.0054531 -0.0732515  0.0058570  0.0006674 -0.0004412  0.0008123  0.0000214 -0.0000678
 12.4354709  0.0053125 -0.0717627  0.0055148  0.0008850 -0.0002903  0.0008970 -0.0000912 -0.0000584
 12.6972703  0.0051118 -0.0703121  0.0052128  0.0008389 -0.0007536  0.0004133  0.0000306 -0.0000748
 12.9590697  0.0051789 -0.0694421  0.0051205  0.0004809 -0.0007191  0.0006375 -0.0001238  0.0000372
 13.2208691  0.0049973 -0.0681539  0.0048700  0.0005152 -0.0008330  0.0007537  0.0000118 -0.0001037
 13.4826685  0.0047182 -0.0670372  0.0047764  0.0006036 -0.0006718  0.0009172 -0.0000107  0.0000313
 13.7444679  0.0047732 -0.0658051  0.0045023  0.0004284 -0.0003231  0.0008651  0.0000670  0.0000376
 14.0062672  0.0048129 -0.0651723  0.0046553  0.0005680 -0.0004999  0.0003676  0.0000260  0.0000537
 14.2680666  0.0043348 -0.0641375  0.0042955  0.0003563 -0.0004804  0.0004943 -0.0001353 -0.0001102
 14.5298660  0.0042708 -0.0631199  0.0044577  0.0003327 -0.0006267  0.0006230 -0.0000355 -0.0000135
 14.7916654  0.0041582 -0.0628009  0.0043304  0.0004166 -0.0008378  0.0006876  0.0000419 -0.0000627
 15.0534648  0.0038455 -0.0611400  0.0040470  0.0004539 -0.0004891  0.0004359  0.0000109  0.0000626
 15.3152642  0.0042106 -0.0602997  0.0038421  0.0005970 -0.0006970  0.0003230  0.0000775  0.0000186
 15.5770636  0.0042530 -0.0596751  0.0036692  0.0004658 -0.0007144  0.0001908  0.0000122  0.0000003
 15.8388630  0.0038650 -0.0584367  0.0037162  0.0006686 -0.0007854  0.0004458  0.0000600 -0.0000122
 16.1006623  0.0037230 -0.0574080  0.0036997  0.0005656 -0.0001398  0.0001674 -0.0000029  0.0000021
 16.3624617  0.0036841 -0.0571496  0.0035331  0.0003409 -0.0000787  0.0003876 -0.0000454 -0.0001133
 16.6242611  0.0037536 -0.0561353  0.0033189  0.0003061 -0.0006130  0.0003319 -0.0000151  0.0000024
 16.8860605  0.0037707 -0.0553009  0.0032988  0.0003216 -0.0003185  0.0000185 -0.0000914 -0.0000394
 17.1478599  0.0036924 -0.0547190  0.0032425  0.0003775 -0.0008270  0.0003934  0.0000260  0.0000257
 17.4096593  0.0032448 -0.0539471  0.0029620  0.0003304 -0.0001957  0.0003070  0.0000473 -0.0000264
 17.6714587  0.0030983 -0.0534147  0.0028782  0.0003303 -0.0001169  0.0004004 -0.0000108  0.0000110
 17.9332581  0.0031921 -0.0529333  0.0029759  0.0003647 -0.0003088  0.0003088 -0.0001822  0.0000241
 18.1950575  0.0032525 -0.0518195  0.0027670  0.0004719 -0.0002783  0.0002059 -0.0000546 -0.0000200
 18.4568568  0.0029913 -0.0512714  0.0027049  0.0002993 -0.0000981  0.0004875  0.0000303 -0.0000398
 18.7186562  0.0027035 -0.0505193  0.0026319  0.0003452 -0.0003158  0.0003212  0.0000384  0.0000994
 18.9804556  0.0029211 -0.0498798  0.0024965  0.0003899 -0.0003917  0.0003556 -0.0000097  0.0001669
 19.2422550  0.0027855 -0.0495869  0.0024201  0.0003115 -0.0001775  0.0003200 -0.0000224  0.0001123
 19.5040544  0.0029923 -0.0489851  0.0023876  0.0002940 -0.0002359  0.0002540  0.0000352 -0.0001248
 19.7658538  0.0028777 -0.0483861  0.0022554  0.0002881 -0.0001780  0.0004166  0.0000198 -0.0001343
 20.0276532  0.0028482 -0.0476944  0.0022694  0.0001261 -0.0003089  0.0003239  0.0000468 -0.0000604
 20.2894526  0.0025575 -0.0466504  0.0021524  0.0002307 -0.0001392  0.0000011 -0.0000381  0.0000680
 20.5512519  0.0025208 -0.0462573  0.0021096  0.0002411 -0.0001947  0.0000414  0.0001147  0.0000027
 20.8130513  0.0027912 -0.0458077  0.0019878  0.0000565 -0.0006101  0.0000674  0.0000049  0.0000644
 21.0748507  0.0026860 -0.0455810  0.0020539  0.0002507 -0.0004322  0.0004866 -0.0000752 -0.0000026
 21.3366501  0.0022795 -0.0450693  0.0020904  0.0002826 -0.0001434  0.0001428 -0.0000662 -0.0001606
 21.5984495  0.0023497 -0.0443201  0.0018122  0.0002513 -0.0007173  0.0001828  0.0000370 -0.0000504
 21.8602489  0.0023758 -0.0436943  0.0018153  0.0001476 -0.0003500 -0.0001611  0.0000602  0.0000952
 22.1220483  0.0023980 -0.0432308  0.0019994  0.0001886 -0.0003122  0.0002679 -0.0000337  0.0000063
 22.3838477  0.0023349 -0.0429850  0.0018998  0.0000373 -0.0001035  0.0002897 -0.0001658  0.0000907
 22.6456470  0.0021854 -0.0425083  0.0017449  0.0002252  0.0000125 -0.0000601 -0.0000203  0.0000651
 22.9074464  0.0021289 -0.0413720  0.0018560  0.0000814 -0.0001527 -0.0005700  0.0000159 -0.0001462
 23.1692458  0.0021810 -0.0413740  0.0016645  0.0001628 -0.0001731  0.0003134  0.0001061 -0.0000235
 23.4310452  0.0018845 -0.0411353  0.0016863  0.0002488 -0.0002991  0.0000683  0.0000018 -0.0000404
 23.6928446  0.0021325 -0.0407078  0.0018569  0.0001497 -0.0002567  0.0003518  0.0000045  0.0000192
 23.9546440  0.0020023 -0.0401951  0.0016575  0.0001409 -0.0002512  0.0000765  0.0000178  0.0000277
 24.2164434  0.0020850 -0.0399413  0.0014342  0.0001120 -0.0002036  0.0000905  0.0000803  0.0000133
 24.4782428  0.0018580 -0.0395465  0.0016156 -0.0000018 -0.0002594  0.0000468  0.0000833  0.0000347
 24.7400421  0.0014809 -0.0393668  0.0013781  0.0002784 -0.0001296  0.0004444 -0.0000048  0.0000156
 25.0018415  0.0017110 -0.0386310  0.0015590  0.0002579 -0.0000216  0.0004515 -0.0000775 -0.0000339
 25.2636409  0.0021189 -0.0383451  0.0015736  0.0003335  0.0000914  0.0004343 -0.0000388 -0.0000598
 25.5254403  0.0022049 -0.0378039  0.0015620  0.0000179 -0.0004574 -0.0000673 -0.0000660 -0.0000652
 25.7872397  0.0019753 -0.0376971  0.0013846 -0.0000716 -0.0006033  0.0002586  0.0000389  0.0000033
 26.0490391  0.0017415 -0.0370944  0.0012975  0.0000397 -0.0001953 -0.0001514 -0.0000433  0.0000773
 26.3108385  0.0017511 -0.0370724  0.0014260  0.0000362 -0.0003987  0.0003258 -0.0000822  0.0000937
 26.5726379  0.0013871 -0.0365570  0.0012680  0.0001764 -0.0000774  0.0001403 -0.0001026 -0.0000159
 26.8344372  0.0014503 -0.0356791  0.0013270  0.0000768  0.0000674 -0.0001571  0.0001127 -0.0001245
 27.0962366  0.0016209 -0.0359339  0.0010960  0.0000554 -0.0000877  0.0002509  0.0001580  0.0000132
 27.3580360  0.0018261 -0.0354212  0.0010972 -0.0000054 -0.0000079  0.0000417  0.0000930  0.0002142
 27.6198354  0.0017135 -0.0352140  0.0012350 -0.0000300  0.0000215  0.0001451  0.0000042  0.0000012
 27.8816348  0.0013544 -0.0348340  0.0010157  0.0001423 -0.0004698  0.0002940 -0.0000209  0.0000153
 28.1434342  0.0013599 -0.0347140  0.0009624  0.0003451 -0.0000775  0.0009280  0.0000712 -0.0001373
 28.4052336  0.0016992 -0.0340272  0.0013073  0.0000319  0.0000471  0.0003708  0.0000090 -0.0000119
 28.6670330  0.0013840 -0.0340352  0.0011378 -0.0001008 -0.0004047  0.0002750  0.0000097 -0.0000481
 28.9288324  0.0013401 -0.0333902  0.0013798  0.0000202 -0.0003050  0.0002845 -0.0000878  0.0001161
 29.1906317  0.0011571 -0.0329574  0.0014144  0.0000189 -0.0001244 -0.0003912 -0.0000777  0.0000293
 29.4524311  0.0016531 -0.0334280  0.0013067 -0.0000306 -0.0001878  0.0003866 -0.0000336  0.0000150
 29.7142305  0.0010982 -0.0326395  0.0013171  0.0001045  0.0001803 -0.0001014 -0.0000094 -0.0000136
 29.9760299  0.0012056 -0.0328087  0.0010864  0.0000051 -0.0001134  0.0000793  0.0000366 -0.0000989
 30.2378293  0.0012386 -0.0321025  0.0010894  0.0002413  0.0001064 -0.0002652  0.0000935 -0.0000045
 30.4996287  0.0009298 -0.0318507  0.0009168 -0.0000172 -0.0001349  0.0000045  0.0000033  0.0000096
 30.7614281  0.0011965 -0.0316139  0.0010618  0.0000198 -0.0000978  0.0000646 -0.0000886  0.0000067
 31.0232275  0.0013173 -0.0315786  0.0010475  0.0000728  0.0000338  0.0004029 -0.0000905  0.0000482
 31.2850268  0.0011576 -0.0313201  0.0009845  0.0000383  0.0000080 -0.0000387 -0.0000075 -0.0000447
 31.5468262  0.0012460 -0.0313959  0.0009500  0.0000202 -0.0000729  0.0000964  0.0000302 -0.0000069
 31.8086256  0.0011931 -0.0306979  0.0009903  0.0000361  0.0001552  0.0001231 -0.0000594 -0.0000737
 32.0704250  0.0007197 -0.0306258  0.0010250 -0.0000393  0.0002841 -0.0000890 -0.0000134 -0.0000635
 32.3322244  0.0009136 -0.0305850  0.0009839 -0.0000550 -0.0001877 -0.0001240 -0.0000627  0.0001361
 32.5940238  0.0009113 -0.0303324  0.0008245  0.0001221 -0.0000557  0.0000141  0.0000083  0.0000468
 32.8558232  0.0010927 -0.0297688  0.0008498  0.0000261 -0.0001374 -0.0001467 -0.0000060  0.0000799
 33.1176226  0.0008316 -0.0295814  0.0009364  0.0000241  0.0000590  0.0001045  0.0000000  0.0000182
 33.3794219  0.0014128 -0.0296887  0.0008096 -0.0001286 -0.0004813 -0.0001237  0.0000802 -0.0000117
 33.6412213  0.0013710 -0.0291561  0.0010185  0.0001422 -0.0004823  0.0000149  0.0000181 -0.0001091
 33.9030207  0.0010345 -0.0287665  0.0006627  0.0000002  0.0000902 -0.0001649  0.0000772 -0.0001340
 34.1648201  0.0008300 -0.0283109  0.0005492 -0.0000292  0.0002256 -0.0003649  0.0001291  0.0000009
 34.4266195  0.0008983 -0.0287438  0.0008635 -0.0000919 -0.0000315  0.0000139 -0.0000598  0.0001398
 34.6884189  0.0009791 -0.0281958  0.0006070  0.0000704 -0.0000087  0.0003164 -0.0001908 -0.0000259
 34.9502183  0.0012258 -0.0283309  0.0008400  0.0000269 -0.0002088  0.0000919 -0.0000857 -0.0001302
 35.2120177  0.0011558 -0.0277394  0.0007632 -0.0000643 -0.0001797 -0.0000664  0.0001359 -0.0001523
 35.4738170  0.0010576 -0.0278579  0.0007470 -0.0001520 -0.0002746  0.0003595  0.0000981 -0.0000036
 35.7356164  0.0005815 -0.0272683  0.0006665  0.0000690  0.0001180 -0.0002945  0.0000786  0.0000731
 35.9974158  0.0009454 -0.0273670  0.0006168 -0.0000337 -0.0000889  0.0001714 -0.0001434  0.0000223
 36.2592152  0.0010390 -0.0271216  0.0006032  0.0001672 -0.0000347  0.0002219 -0.0000950 -0.0001070
 36.5210146  0.0006903 -0.0272817  0.0005856  0.0000999 -0.0000107  0.0002517  0.0000277 -0.0000409
 36.7828140  0.0010106 -0.0266708  0.0007799  0.0000793 -0.0003704  0.0001300  0.0000153  0.0000341
 37.0446134  0.0005642 -0.0263786  0.0007116  0.0000949  0.0003738 -0.0002659  0.0001420  0.0000187
 37.3064128  0.0008337 -0.0259910  0.0008545  0.0000554 -0.0000649  0.0001101  0.0000692  0.0001029
 37.5682121  0.0006763 -0.0260868  0.0005733  0.0001340 -0.0002527 -0.0000918 -0.0000436  0.0000032
 37.8300115  0.0008583 -0.0260739  0.0006955 -0.0000481 -0.0000021 -0.0001953 -0.0000290  0.0000252
 38.0918109  0.0005890 -0.0258198  0.0004651  0.0001597  0.0001399  0.0002807 -0.0000771 -0.0000745
 38.3536103  0.0005935 -0.0256287  0.0005758  0.0002139  0.0001409  0.0001874  0.0000181 -0.0001439
 38.6154097  0.0006069 -0.0255101  0.0005536  0.0000043  0.0002575  0.0001625  0.0000043  0.0000410
 38.8772091  0.0007486 -0.0251084  0.0004178  0.0000787 -0.0002277  0.0003759  0.0001443 -0.0000380
 39.1390085  0.0007507 -0.0248020  0.0005565  0.0002076 -0.0002275  0.0000741  0.0000720 -0.0000259
 39.4008079  0.0010886 -0.0247854  0.0007523  0.0000284 -0.0000151  0.0002669  0.0000158 -0.0000743
 39.6626073  0.0006406 -0.0245077  0.0007620 -0.0000617 -0.0000483 -0.0000065 -0.0000151  0.0000360
 39.9244066  0.0006763 -0.0246693  0.0006723  0.0000790 -0.0002102  0.0004395 -0.0000517  0.0000139
