#w_matsubara  g11_Re     g11_Im     g12_Re     g12_Im     g13_Re     g13_Im     g12_nambu_Re     g12_nambu_Im     
 0.1308997  5.5732025 -0.5245715 -0.3466877 -0.0670648 -0.2195803  0.1696849  0.0023095  0.0001089
 0.3926991  5.6203942 -0.8884629 -0.3387276 -0.1360815 -0.2251930  0.1331712  0.0009548  0.0004321
 0.6544985  5.6515612 -1.1538430 -0.3304951 -0.1796281 -0.2231496  0.1088562  0.0011941  0.0001546
 0.9162979  5.6595777 -1.3574135 -0.3286019 -0.2143929 -0.2123202  0.0883507 -0.0000504 -0.0009339
 1.1780972  5.6483312 -1.5184213 -0.3317924 -0.2357309 -0.2012651  0.0726235 -0.0008451  0.0012342
 1.4398966  5.6325743 -1.6265882 -0.3276792 -0.2453005 -0.1882715  0.0630274  0.0013065 -0.0004714
 1.7016960  5.5920185 -1.7208041 -0.3238414 -0.2495863 -0.1743236  0.0612377 -0.0010695 -0.0004246
 1.9634954  5.5521065 -1.7850405 -0.3245115 -0.2446899 -0.1555039  0.0543970 -0.0010148  0.0009274
 2.2252948  5.5142394 -1.8412433 -0.3126916 -0.2416580 -0.1396381  0.0573315  0.0011069 -0.0024552
 2.4870942  5.4614155 -1.8659298 -0.3095866 -0.2235635 -0.1317901  0.0529748 -0.0010088  0.0002726
 2.7488936  5.4108556 -1.9075461 -0.3042131 -0.2235731 -0.1098152  0.0486552  0.0002391  0.0024942
 3.0106930  5.3659914 -1.9000535 -0.2993649 -0.2066757 -0.1115403  0.0403115 -0.0011342  0.0005335
 3.2724923  5.3215223 -1.8916202 -0.2873792 -0.1975650 -0.0845304  0.0439232 -0.0025949 -0.0005131
 3.5342917  5.2751657 -1.8843324 -0.2826919 -0.1826358 -0.0805906  0.0396100  0.0027576 -0.0021132
 3.7960911  5.2277531 -1.8656221 -0.2682923 -0.1740575 -0.0628826  0.0260961 -0.0029638 -0.0033772
 4.0578905  5.1955542 -1.8765431 -0.2549036 -0.1693989 -0.0701195  0.0306815 -0.0006516  0.0026092
 4.3196899  5.1412028 -1.8470087 -0.2636776 -0.1650318 -0.0754584  0.0185173 -0.0017765 -0.0014235
 4.5814893  5.1247753 -1.8181432 -0.2400261 -0.1393738 -0.0672532  0.0268726 -0.0055885  0.0016398
 4.8432887  5.0673798 -1.8178469 -0.2413688 -0.1188034 -0.0418309  0.0321131  0.0085468 -0.0023803
 5.1050881  5.0332662 -1.7817763 -0.2288755 -0.1177764 -0.0369030  0.0241981 -0.0040621 -0.0050674
 5.3668874  5.0131603 -1.7576424 -0.1961346 -0.1222967 -0.0268836  0.0294444 -0.0044472  0.0062814
 5.6286868  4.9769745 -1.7229712 -0.1999409 -0.1069423 -0.0228825  0.0341179  0.0059041 -0.0047564
 5.8904862  4.9698614 -1.6932749 -0.1961344 -0.1070659 -0.0235174  0.0232154 -0.0022698 -0.0064467
 6.1522856  4.9134135 -1.6524188 -0.1964204 -0.1140137 -0.0355149 -0.0047069 -0.0047985  0.0059208
 6.4140850  4.8658163 -1.6300820 -0.1793423 -0.0922865 -0.0399293  0.0228892  0.0056212  0.0022054
 6.6758844  4.8765998 -1.6382444 -0.1678702 -0.1002025 -0.0185190 -0.0076570 -0.0098713 -0.0002315
 6.9376838  4.8465422 -1.5765568 -0.1657646 -0.0672798 -0.0358750  0.0189297 -0.0002910  0.0004923
 7.1994832  4.8254261 -1.5637139 -0.1629519 -0.0644657 -0.0068741  0.0200665  0.0046121 -0.0030632
 7.4612826  4.8232739 -1.5104548 -0.1683085 -0.0742427 -0.0455650 -0.0343094 -0.0090983  0.0086801
 7.7230819  4.8255438 -1.4832671 -0.1387995 -0.0749958 -0.0283906 -0.0013939  0.0053571  0.0016182
 7.9848813  4.7663518 -1.5048470 -0.1484547 -0.0584634 -0.0169593  0.0143862 -0.0018168 -0.0070436
 8.2466807  4.7471892 -1.4691878 -0.1518397 -0.0427701 -0.0214340 -0.0086290  0.0003735  0.0147229
 8.5084801  4.7685005 -1.4679286 -0.1326693 -0.0636764 -0.0058386  0.0182063  0.0028595 -0.0061018
 8.7702795  4.7506896 -1.3936478 -0.1424045 -0.0428550 -0.0323096  0.0071940 -0.0210492  0.0039717
 9.0320789  4.7054283 -1.3222426 -0.1343926 -0.0631228 -0.0104007 -0.0151527  0.0014065 -0.0016875
 9.2938783  4.7493749 -1.3224219 -0.1118293 -0.0530728 -0.0160065 -0.0271103  0.0082275 -0.0136111
 9.5556777  4.6139262 -1.2963491 -0.1545749 -0.0595708 -0.0015280 -0.0001946 -0.0032534  0.0002297
 9.8174770  4.6575313 -1.3114464 -0.1071920 -0.0429641  0.0258551  0.0515012  0.0164558  0.0066401
 10.0792764  4.6689735 -1.2464528 -0.1208459 -0.0296655 -0.0162743 -0.0000316 -0.0121968 -0.0081076
 10.3410758  4.6339315 -1.1956147 -0.1243917 -0.0233375 -0.0094339 -0.0170329 -0.0193118  0.0124637
 10.6028752  4.6715640 -1.2476226 -0.0930036 -0.0269203  0.0222839  0.0273316  0.0066631 -0.0091348
 10.8646746  4.6486545 -1.2296274 -0.0876962 -0.0363800 -0.0549169  0.0155464  0.0055012 -0.0145513
 11.1264740  4.6058423 -1.2018375 -0.0645696 -0.0070534 -0.0006887  0.0223128  0.0077308  0.0046310
 11.3882734  4.6267551 -1.0909866 -0.1108071 -0.0108453 -0.0172253 -0.0599902 -0.0047974 -0.0026442
 11.6500728  4.6862935 -1.2046707 -0.0853952 -0.0228166 -0.0116493 -0.0398423 -0.0081101  0.0205225
 11.9118721  4.5604782 -1.1198936 -0.0718674 -0.0317675 -0.0122709 -0.0262869  0.0211528 -0.0119563
 12.1736715  4.5820782 -1.0625019 -0.0773008 -0.0002299  0.0691009 -0.0126729 -0.0099896 -0.0129639
 12.4354709  4.6517018 -1.0743191 -0.1110811  0.0213305 -0.0334417 -0.0085857 -0.0018593  0.0256858
 12.6972703  4.5641685 -1.1075112 -0.0932151 -0.0069799 -0.0006824  0.0891766  0.0206427 -0.0168370
 12.9590697  4.5402315 -1.0602015 -0.0781758 -0.0532935  0.0695688 -0.0459593 -0.0302687 -0.0067956
 13.2208691  4.5998943 -1.0697294 -0.0808393 -0.0281004  0.0599575  0.0043097  0.0083358  0.0334440
 13.4826685  4.5886838 -1.0926636 -0.0755313 -0.0102464 -0.0108141  0.0171606  0.0165049 -0.0217850
 13.7444679  4.5658222 -1.0054493 -0.0529062 -0.0527536  0.0178864 -0.0388409 -0.0177141  0.0144311
 14.0062672  4.5368287 -1.0250136 -0.1127699 -0.0364629 -0.1151530 -0.0095753  0.0246368 -0.0081751
 14.2680666  4.6361984 -0.9975216 -0.0931009 -0.0514327 -0.0296179 -0.0611314 -0.0169820  0.0041241
 14.5298660  4.5367593 -0.9106089 -0.0857539 -0.0465553 -0.1102758  0.0420929  0.0157683  0.0237323
 14.7916654  4.4775636 -0.9307081 -0.0486134 -0.0463388 -0.0741920  0.0334612  0.0086177 -0.0069865
 15.0534648  4.5243940 -0.9546105 -0.0874137 -0.0067156  0.0262054 -0.0032699 -0.0178113 -0.0152712
 15.3152642  4.4904814 -0.8712560 -0.0811206 -0.0158744  0.0540126  0.0243644  0.0209732  0.0224792
 15.5770636  4.5393258 -0.9305210 -0.0809813 -0.0604698 -0.1007923 -0.0012814 -0.0102531 -0.0222346
 15.8388630  4.4457690 -0.9351091 -0.0544879  0.0175976 -0.0438404 -0.0242028 -0.0330264  0.0239699
 16.1006623  4.5214237 -0.9177316 -0.0995942  0.0444505 -0.0111110  0.1396645  0.0029921  0.0069614
 16.3624617  4.4846289 -0.8733132 -0.0290711 -0.0227294 -0.0240651 -0.0823330 -0.0207138 -0.0524542
 16.6242611  4.4334887 -0.8627332 -0.0284600  0.0056562  0.0414697  0.0183407  0.0200504  0.0476727
 16.8860605  4.4586961 -0.8448963 -0.0605635 -0.0031724 -0.0366648 -0.0626830  0.0280425 -0.0037794
 17.1478599  4.4688486 -0.8894891 -0.0701337 -0.0578679 -0.1108273 -0.0028960 -0.0176371 -0.0179752
 17.4096593  4.4372790 -0.8412302 -0.0169705  0.0754984  0.0823904  0.0423750  0.0092635  0.0268006
 17.6714587  4.4871507 -0.7344444 -0.0371039  0.0219875 -0.0477681 -0.0176089  0.0242070 -0.0368090
 17.9332581  4.5000689 -0.7994333  0.0529294  0.0395793  0.0296807  0.0291280 -0.0251339 -0.0150010
 18.1950575  4.3920095 -0.8510654 -0.1058184  0.0563263 -0.0491157 -0.0069240  0.0174591  0.0336140
 18.4568568  4.5088888 -0.6807429 -0.0756398  0.0519716  0.0145900  0.0157031 -0.0103612 -0.0078679
 18.7186562  4.6043212 -0.7964692  0.0086183 -0.0240417 -0.0686648 -0.0861916 -0.0077693  0.0120503
 18.9804556  4.3808214 -0.7924302 -0.0426024 -0.0313426 -0.0229183 -0.0065883  0.0096250 -0.0248537
 19.2422550  4.5190427 -0.7419719  0.0210643  0.0601466  0.0803740 -0.0043778 -0.0485346  0.0241311
 19.5040544  4.5048008 -0.7157403 -0.0497610  0.0142123  0.0947511  0.0128686  0.0368942  0.0363626
 19.7658538  4.5265691 -0.6948261 -0.0682142  0.0244329 -0.0465813  0.0729862 -0.0061026 -0.0792564
 20.0276532  4.4148714 -0.6916235 -0.0828764 -0.1408308  0.0072908 -0.0575662 -0.0577759  0.0143385
 20.2894526  4.5166829 -0.5559037  0.0118957  0.0250275 -0.0469388 -0.0205051  0.0699109  0.0097960
 20.5512519  4.2752244 -0.7150929 -0.0034924 -0.0589919  0.0144207  0.0359151 -0.0298626 -0.0781900
 20.8130513  4.4169915 -0.7501248 -0.1211755  0.0031235 -0.0629485 -0.0010558  0.0025018  0.0018772
 21.0748507  4.4629609 -0.7636695 -0.0643817 -0.0242071 -0.1421994  0.0370555  0.0330054 -0.0436530
 21.3366501  4.4268859 -0.7254726  0.0297682  0.0128393 -0.0656820 -0.1086259 -0.0236443 -0.0247647
 21.5984495  4.4207333 -0.5902314 -0.0340963 -0.0219405 -0.0664401  0.1148236 -0.0007813  0.0448163
 21.8602489  4.5030964 -0.7221314 -0.1061565  0.0341207  0.1088457  0.0450204  0.0116941  0.0092906
 22.1220483  4.3534282 -0.8577345 -0.0670717 -0.0740524 -0.0745993  0.0352767 -0.0028271 -0.0128365
 22.3838477  4.4498997 -0.3138054 -0.0265005  0.0366730 -0.0357745 -0.2416151  0.0618352  0.0070127
 22.6456470  4.5092643 -0.6569079 -0.0145530  0.0429698 -0.2442150 -0.0365142 -0.0771155 -0.0394394
 22.9074464  4.4969490 -0.3931850 -0.0502111  0.0473300  0.1316248 -0.1582566 -0.0134001  0.0786766
 23.1692458  4.7310190 -0.6042661  0.0463467 -0.1801006 -0.0793960 -0.3270992  0.0310032 -0.0305086
 23.4310452  4.4640868 -0.6616404 -0.1160857 -0.0123592  0.1104881  0.0538774 -0.0191549  0.0022044
 23.6928446  4.3124541 -0.4902986 -0.0813805  0.0911675  0.0733790  0.1487435  0.0478937  0.0741504
 23.9546440  4.4937016 -0.5769427 -0.0346875  0.1208858 -0.2159369  0.0884530  0.0386489 -0.0612174
 24.2164434  4.3477246 -0.5579545  0.1360351 -0.0273753  0.0361303 -0.1181416 -0.0697172  0.0255749
 24.4782428  4.5152885 -0.8073384  0.0426038  0.0481753  0.0534666  0.1364497  0.0299741  0.1006296
 24.7400421  4.3771594 -0.6486828 -0.0386825  0.0884178  0.1072364 -0.2168346  0.0235116 -0.0939679
 25.0018415  4.4666898 -0.6676539 -0.0376312 -0.0237531  0.1542587  0.0658693 -0.0452323  0.0567799
 25.2636409  4.2089291 -0.4908642  0.0311880 -0.0396541  0.0909144 -0.0245279 -0.0021539 -0.0126665
 25.5254403  4.3966173 -0.2743257 -0.1023151  0.0114014 -0.1124067 -0.0114853 -0.0774033  0.0165755
 25.7872397  4.5475263 -0.5579473 -0.0624007  0.1304834 -0.0651690  0.1658373  0.0262393  0.0264474
 26.0490391  4.6371500 -0.3844822  0.0192121  0.0237821 -0.0560253 -0.2552182 -0.0160137 -0.0345318
 26.3108385  4.5592458 -0.7795739  0.0550190 -0.0066384  0.2814025  0.0881082  0.0307425  0.0037003
 26.5726379  4.4897419 -0.5836455 -0.0406549 -0.0388394 -0.2104089  0.2578726  0.0103343 -0.0149112
 26.8344372  4.1508547 -0.8464441  0.0161561 -0.1656226 -0.0059317  0.0210560 -0.1060885 -0.0932762
 27.0962366  4.3847938 -0.4343110 -0.0026775 -0.0030749  0.2468957  0.0039041  0.0183313  0.1242380
 27.3580360  4.4346739 -0.5439094 -0.0040903 -0.0434034 -0.2766125  0.1733861  0.1459755 -0.0639330
 27.6198354  4.5768558 -0.6875842  0.2162637 -0.0659799 -0.0088047 -0.0626263 -0.0695330 -0.0616184
 27.8816348  4.1471665 -0.5357516 -0.0683252 -0.2223114 -0.0389203 -0.2323960  0.0027493  0.0737103
 28.1434342  4.4235078 -0.5092098 -0.0574043 -0.0241412 -0.3081489  0.1109814  0.0356066 -0.0583768
 28.4052336  4.1750163 -0.3803270 -0.0468177  0.1495072 -0.0509924 -0.1028258 -0.1137656  0.0329896
 28.6670330  4.3614942 -0.4898209 -0.0248622 -0.0059536 -0.2498407  0.1815772  0.0515828  0.1240403
 28.9288324  4.3906275 -0.5725217  0.1887535  0.1410759  0.2186891  0.0866751 -0.0207000 -0.0593851
 29.1906317  4.2522803 -0.5692650  0.1435159 -0.1416229  0.1816098 -0.0519512  0.0069770  0.0719834
 29.4524311  4.4872306 -0.6324237 -0.0538690  0.0858401 -0.1670308 -0.0529401 -0.0045130 -0.0536396
 29.7142305  4.4959846 -0.8131568 -0.0383675  0.0821559 -0.1814164 -0.0314786 -0.0083527 -0.0040027
 29.9760299  4.8400515 -0.6855016 -0.0190234  0.1186814 -0.3488833  0.2994055  0.0882534  0.0217449
 30.2378293  4.2918681 -0.5008375  0.2121625  0.1263433 -0.2178122 -0.2302959 -0.0468003 -0.0359920
 30.4996287  4.3976097 -0.7508421 -0.2206120 -0.0786982  0.3535259  0.1591609 -0.1058662  0.0460425
 30.7614281  4.4137919 -1.2096953  0.1614512 -0.0038366 -0.0293589  0.2970061  0.0820148  0.0603969
 31.0232275  4.4092572 -0.6531572 -0.0187381 -0.1860964  0.0665466 -0.0734868 -0.0073483 -0.1636174
 31.2850268  4.7828164 -0.9651825 -0.0216864  0.0475828 -0.0084691  0.3835241 -0.0935078  0.1809959
 31.5468262  4.7247765 -0.4419979 -0.0028280 -0.1335824 -0.0415763  0.0622553  0.1288343 -0.0035514
 31.8086256  4.2899568 -0.3822788 -0.0101017 -0.0986368 -0.0006770 -0.0127342 -0.1336077 -0.0788522
 32.0704250  4.1313412 -0.8307256 -0.1164092  0.0328244 -0.1063915  0.0608292  0.0341107  0.1271053
 32.3322244  4.0599716 -0.4462319  0.1321295 -0.1011523  0.2873474  0.0505758  0.0316891 -0.0796966
 32.5940238  4.7102287 -0.4424960 -0.0530047  0.3113970 -0.0641616 -0.1036709  0.0025778 -0.0552832
 32.8558232  4.4718187 -0.6887027 -0.1062213 -0.0957437  0.1192140 -0.3998167  0.0383704  0.0593591
 33.1176226  4.3047428 -0.7084638 -0.1168333 -0.1448277  0.2163709  0.0594403  0.0364973 -0.0810128
 33.3794219  4.3299939 -0.5620349 -0.2000829  0.0134163 -0.2447113  0.5353011 -0.0037487  0.1593748
 33.6412213  4.4975592 -0.4184510 -0.1427878  0.0613957  0.0454000  0.4734582  0.0864288 -0.0871361
 33.9030207  4.6931007 -0.7151965  0.0203886  0.2804697 -0.1347078  0.3797839 -0.2205132 -0.0807123
 34.1648201  4.3084775 -0.7247784  0.2793958 -0.4104728  0.3489807 -0.1513390  0.0107464  0.1078465
 34.4266195  4.2113817 -0.5084872 -0.2644909 -0.1084436 -0.0573488  0.0307562 -0.0401523 -0.1583417
 34.6884189  4.2792991 -1.0201742  0.1203762  0.0411499  0.2230481  0.0942055 -0.1133245  0.0900147
 34.9502183  4.1862597 -0.1930699 -0.2390246  0.1302605 -0.1538316  0.1936490  0.0713757  0.1327497
 35.2120177  4.7822391 -0.5788381 -0.0961828  0.4418483 -0.3747960  0.0270768  0.0070966 -0.1575582
 35.4738170  4.4825883 -0.7257626 -0.1190735 -0.3634789 -0.0317969  0.0071400 -0.1109466  0.0588364
 35.7356164  4.0954556 -0.9514102 -0.1408260  0.2160629 -0.2332318  0.6202338  0.1126077  0.1676475
 35.9974158  4.5550496 -0.3376443  0.0255667 -0.2607490 -0.1745800 -0.0352696  0.0016886  0.0283312
 36.2592152  4.5629751 -0.5079234 -0.2970213 -0.0396095 -0.5181581  0.0782996  0.0784759 -0.0508045
 36.5210146  3.7955742 -0.0731387  0.1001559  0.0067631  0.1273453  0.1489260  0.0237839 -0.1096358
 36.7828140  4.6701292 -0.5213909  0.0867526 -0.0719726 -0.3355940  0.3785190 -0.0672386 -0.0862907
 37.0446134  4.7184330 -0.3836283  0.1487048 -0.1754137 -0.3266543  0.1974671 -0.0667920  0.0151089
 37.3064128  4.7009787 -0.7205873  0.0357772 -0.0739272 -0.5421247  0.0543485  0.0331693  0.0855975
 37.5682121  4.1671800 -0.1601826 -0.1650059  0.1720730 -0.1217421  0.0458153 -0.0248605  0.1383269
 37.8300115  4.1080911 -0.3544554  0.1488272  0.1290200 -0.2314653 -0.1957074  0.2517277 -0.1184798
 38.0918109  4.3542646 -0.8789496 -0.1018705 -0.1369829 -0.1812224 -0.0919489 -0.1640731 -0.0593220
 38.3536103  4.2605063 -0.1922881 -0.0987061  0.4788761 -0.1522457  0.5042692  0.0259001  0.2262508
 38.6154097  4.5006613  0.1676473  0.1403751  0.4909507 -0.2463012 -0.0195081  0.0397872 -0.1923426
 38.8772091  4.4659943 -0.2976299  0.0011252  0.2472894  0.4884282  0.0644615 -0.0174839 -0.0584217
 39.1390085  4.2354945 -0.4381956  0.1386559  0.1332872 -0.0030687 -0.5309058  0.1236527  0.1340447
 39.4008079  5.0200262 -0.2514020  0.2050546 -0.0387871  0.0186274 -0.6671183  0.1512591 -0.0919579
 39.6626073  4.9414833 -0.5183031  0.2966618 -0.1954309  0.0440636  0.0471732 -0.1352080 -0.0209536
 39.9244066  4.4054514 -0.6845184 -0.1798436 -0.4385395 -0.0426755 -0.5797857  0.1506994  0.1481915
