#w_matsubara  SzSz   
 0.0000000  0.6440594
 0.1256637  0.5981693
 0.2513274  0.5239149
 0.3769911  0.4367257
 0.5026548  0.3657408
 0.6283185  0.3082687
 0.7539822  0.2642363
 0.8796459  0.2264685
 1.0053096  0.1970424
 1.1309734  0.1717606
 1.2566371  0.1524832
 1.3823008  0.1359130
 1.5079645  0.1224943
 1.6336282  0.1103974
 1.7592919  0.1003862
 1.8849556  0.0916088
 2.0106193  0.0842763
 2.1362830  0.0777122
 2.2619467  0.0720849
 2.3876104  0.0666772
 2.5132741  0.0618017
 2.6389378  0.0581196
 2.7646015  0.0542422
 2.8902652  0.0509590
 3.0159289  0.0477257
 3.1415927  0.0450460
 3.2672564  0.0425342
 3.3929201  0.0403728
 3.5185838  0.0381834
 3.6442475  0.0362037
 3.7699112  0.0343054
 3.8955749  0.0327354
 4.0212386  0.0312623
 4.1469023  0.0298423
 4.2725660  0.0285898
 4.3982297  0.0274021
 4.5238934  0.0260320
 4.6495571  0.0250461
 4.7752208  0.0241696
 4.9008845  0.0230635
 5.0265482  0.0223345
 5.1522120  0.0213946
 5.2778757  0.0206316
 5.4035394  0.0198969
 5.5292031  0.0191648
 5.6548668  0.0185121
 5.7805305  0.0178559
 5.9061942  0.0172247
 6.0318579  0.0166465
 6.1575216  0.0161691
 6.2831853  0.0156175
 6.4088490  0.0150659
 6.5345127  0.0146748
 6.6601764  0.0141987
 6.7858401  0.0137379
 6.9115038  0.0133926
 7.0371675  0.0129422
 7.1628313  0.0126378
 7.2884950  0.0123102
 7.4141587  0.0119177
 7.5398224  0.0115616
 7.6654861  0.0113306
 7.7911498  0.0109634
 7.9168135  0.0107294
 8.0424772  0.0103912
 8.1681409  0.0101415
 8.2938046  0.0098758
 8.4194683  0.0096399
 8.5451320  0.0094200
 8.6707957  0.0091699
 8.7964594  0.0089471
 8.9221231  0.0087915
 9.0477868  0.0085788
 9.1734505  0.0083378
 9.2991143  0.0081583
 9.4247780  0.0079703
 9.5504417  0.0077982
 9.6761054  0.0076263
 9.8017691  0.0074634
 9.9274328  0.0072789
 10.0530965  0.0071211
 10.1787602  0.0069904
 10.3044239  0.0067972
 10.4300876  0.0066862
 10.5557513  0.0065457
 10.6814150  0.0063957
 10.8070787  0.0062901
 10.9327424  0.0061249
 11.0584061  0.0060364
 11.1840698  0.0059269
 11.3097336  0.0058299
 11.4353973  0.0056681
 11.5610610  0.0055846
 11.6867247  0.0054821
 11.8123884  0.0053887
 11.9380521  0.0052627
 12.0637158  0.0051801
 12.1893795  0.0050855
 12.3150432  0.0049973
 12.4407069  0.0049438
 12.5663706  0.0048056
 12.6920343  0.0047348
 12.8176980  0.0046306
 12.9433617  0.0045773
 13.0690254  0.0044921
 13.1946891  0.0043991
 13.3203529  0.0043601
 13.4460166  0.0042972
 13.5716803  0.0041706
 13.6973440  0.0041256
 13.8230077  0.0040608
 13.9486714  0.0039779
 14.0743351  0.0039393
 14.1999988  0.0038683
 14.3256625  0.0037816
 14.4513262  0.0037365
 14.5769899  0.0036891
 14.7026536  0.0036324
 14.8283173  0.0035649
 14.9539810  0.0035208
 15.0796447  0.0034651
 15.2053084  0.0034166
 15.3309721  0.0033633
 15.4566359  0.0033217
 15.5822996  0.0032702
 15.7079633  0.0032312
 15.8336270  0.0031775
 15.9592907  0.0031212
 16.0849544  0.0030714
 16.2106181  0.0030402
 16.3362818  0.0030042
 16.4619455  0.0029488
 16.5876092  0.0029154
 16.7132729  0.0028761
 16.8389366  0.0028428
 16.9646003  0.0027932
 17.0902640  0.0027320
 17.2159277  0.0027084
 17.3415914  0.0026795
 17.4672552  0.0026453
 17.5929189  0.0026063
 17.7185826  0.0025686
 17.8442463  0.0025523
 17.9699100  0.0024955
 18.0955737  0.0024796
 18.2212374  0.0024464
 18.3469011  0.0024153
 18.4725648  0.0023756
 18.5982285  0.0023436
 18.7238922  0.0023319
 18.8495559  0.0022907
 18.9752196  0.0022612
 19.1008833  0.0022417
 19.2265470  0.0022181
 19.3522107  0.0021825
 19.4778745  0.0021586
 19.6035382  0.0021334
 19.7292019  0.0021083
 19.8548656  0.0020806
 19.9805293  0.0020621
 20.1061930  0.0020308
 20.2318567  0.0020108
 20.3575204  0.0019852
 20.4831841  0.0019715
 20.6088478  0.0019364
 20.7345115  0.0019107
 20.8601752  0.0019020
 20.9858389  0.0018799
 21.1115026  0.0018548
 21.2371663  0.0018281
 21.3628300  0.0018052
 21.4884938  0.0017874
 21.6141575  0.0017727
 21.7398212  0.0017568
 21.8654849  0.0017313
 21.9911486  0.0017140
 22.1168123  0.0017027
 22.2424760  0.0016815
 22.3681397  0.0016655
 22.4938034  0.0016406
 22.6194671  0.0016298
 22.7451308  0.0015984
 22.8707945  0.0015960
 22.9964582  0.0015768
 23.1221219  0.0015505
 23.2477856  0.0015399
 23.3734493  0.0015291
 23.4991130  0.0015139
 23.6247768  0.0015066
 23.7504405  0.0014789
 23.8761042  0.0014702
 24.0017679  0.0014546
 24.1274316  0.0014414
 24.2530953  0.0014313
 24.3787590  0.0014192
 24.5044227  0.0014011
 24.6300864  0.0013854
 24.7557501  0.0013696
 24.8814138  0.0013619
 25.0070775  0.0013372
 25.1327412  0.0013288
 25.2584049  0.0013193
 25.3840686  0.0013091
 25.5097323  0.0012917
 25.6353961  0.0012798
 25.7610598  0.0012720
 25.8867235  0.0012622
 26.0123872  0.0012456
 26.1380509  0.0012343
 26.2637146  0.0012204
 26.3893783  0.0012108
 26.5150420  0.0011986
 26.6407057  0.0011870
 26.7663694  0.0011781
 26.8920331  0.0011637
 27.0176968  0.0011580
 27.1433605  0.0011466
 27.2690242  0.0011394
 27.3946879  0.0011273
 27.5203516  0.0011131
 27.6460154  0.0011108
 27.7716791  0.0011001
 27.8973428  0.0010877
 28.0230065  0.0010756
 28.1486702  0.0010747
 28.2743339  0.0010636
 28.3999976  0.0010513
 28.5256613  0.0010377
 28.6513250  0.0010337
 28.7769887  0.0010203
 28.9026524  0.0010161
 29.0283161  0.0010098
 29.1539798  0.0010040
 29.2796435  0.0009893
 29.4053072  0.0009798
 29.5309709  0.0009807
 29.6566346  0.0009707
 29.7822984  0.0009571
 29.9079621  0.0009485
 30.0336258  0.0009443
 30.1592895  0.0009399
 30.2849532  0.0009288
 30.4106169  0.0009212
 30.5362806  0.0009104
 30.6619443  0.0009058
 30.7876080  0.0009014
 30.9132717  0.0008925
 31.0389354  0.0008850
 31.1645991  0.0008785
 31.2902628  0.0008738
 31.4159265  0.0008642
 31.5415902  0.0008591
 31.6672539  0.0008499
 31.7929177  0.0008452
 31.9185814  0.0008373
 32.0442451  0.0008348
 32.1699088  0.0008276
 32.2955725  0.0008206
 32.4212362  0.0008173
 32.5468999  0.0008123
 32.6725636  0.0008017
 32.7982273  0.0007942
 32.9238910  0.0007931
 33.0495547  0.0007861
 33.1752184  0.0007787
 33.3008821  0.0007696
 33.4265458  0.0007619
 33.5522095  0.0007607
 33.6778732  0.0007547
 33.8035370  0.0007494
 33.9292007  0.0007472
 34.0548644  0.0007391
 34.1805281  0.0007355
 34.3061918  0.0007291
 34.4318555  0.0007223
 34.5575192  0.0007192
 34.6831829  0.0007189
 34.8088466  0.0007114
 34.9345103  0.0007089
 35.0601740  0.0006947
 35.1858377  0.0006965
 35.3115014  0.0006900
 35.4371651  0.0006866
 35.5628288  0.0006795
 35.6884925  0.0006758
 35.8141563  0.0006716
 35.9398200  0.0006682
 36.0654837  0.0006655
 36.1911474  0.0006576
 36.3168111  0.0006500
 36.4424748  0.0006458
 36.5681385  0.0006457
 36.6938022  0.0006372
 36.8194659  0.0006376
 36.9451296  0.0006277
 37.0707933  0.0006264
 37.1964570  0.0006248
 37.3221207  0.0006143
 37.4477844  0.0006159
 37.5734481  0.0006132
 37.6991118  0.0006051
 37.8247755  0.0006028
 37.9504393  0.0005950
 38.0761030  0.0005927
 38.2017667  0.0005916
 38.3274304  0.0005879
 38.4530941  0.0005842
 38.5787578  0.0005767
 38.7044215  0.0005771
 38.8300852  0.0005724
 38.9557489  0.0005694
 39.0814126  0.0005636
 39.2070763  0.0005642
 39.3327400  0.0005596
 39.4584037  0.0005526
 39.5840674  0.0005471
 39.7097311  0.0005478
 39.8353948  0.0005444
 39.9610586  0.0005395
