#w_matsubara  g11_Re     g11_Im     g12_Re     g12_Im     g13_Re     g13_Im     g12_nambu_Re     g12_nambu_Im     
 0.0628319 -0.0215109 -0.1964353  0.1915689  0.0206876 -0.0466541  0.0992571 -0.3036029  0.0005006
 0.1884956 -0.0171873 -0.3328966  0.1635035  0.0255078 -0.0230875  0.1616585 -0.1562224  0.0000999
 0.3141593 -0.0183257 -0.3366127  0.1441389  0.0211094 -0.0157650  0.1475394 -0.0780543  0.0001387
 0.4398230 -0.0190086 -0.3208503  0.1293789  0.0174533 -0.0129716  0.1255626 -0.0430265  0.0000430
 0.5654867 -0.0192793 -0.3036560  0.1176144  0.0151004 -0.0113990  0.1064312 -0.0259863  0.0000842
 0.6911504 -0.0187526 -0.2881153  0.1079550  0.0138683 -0.0106482  0.0914367 -0.0167113 -0.0000952
 0.8168141 -0.0177730 -0.2747561  0.0993474  0.0129458 -0.0101855  0.0793889 -0.0111966 -0.0003995
 0.9424778 -0.0167281 -0.2629252  0.0919992  0.0122445 -0.0099511  0.0690689 -0.0077279 -0.0002163
 1.0681415 -0.0153300 -0.2525315  0.0854123  0.0117885 -0.0101460  0.0612750 -0.0057037 -0.0001537
 1.1938052 -0.0136837 -0.2430438  0.0796200  0.0115402 -0.0103024  0.0543790 -0.0042663  0.0001080
 1.3194689 -0.0117577 -0.2350009  0.0749614  0.0112430 -0.0102728  0.0488658 -0.0032310  0.0002435
 1.4451326 -0.0100639 -0.2279272  0.0706687  0.0110487 -0.0102514  0.0443495 -0.0025259 -0.0002194
 1.5707963 -0.0084609 -0.2209911  0.0662753  0.0110953 -0.0098334  0.0398097 -0.0020061 -0.0000455
 1.6964600 -0.0068095 -0.2149325  0.0626555  0.0108084 -0.0094120  0.0365737 -0.0013354  0.0003566
 1.8221237 -0.0053623 -0.2087771  0.0593574  0.0102782 -0.0096717  0.0334040 -0.0011156  0.0000252
 1.9477874 -0.0043568 -0.2036113  0.0562480  0.0101438 -0.0094987  0.0304208 -0.0006041 -0.0003203
 2.0734512 -0.0031139 -0.1988827  0.0534189  0.0099510 -0.0090260  0.0280987 -0.0006093 -0.0001835
 2.1991149 -0.0018571 -0.1940362  0.0511278  0.0098946 -0.0086454  0.0260009 -0.0008965  0.0000226
 2.3247786 -0.0003507 -0.1896166  0.0488633  0.0099897 -0.0083954  0.0241450 -0.0003998  0.0003235
 2.4504423  0.0003284 -0.1854899  0.0463422  0.0095914 -0.0083947  0.0226152 -0.0006227 -0.0003739
 2.5761060  0.0016927 -0.1817042  0.0443680  0.0094712 -0.0083041  0.0210990 -0.0004845 -0.0004070
 2.7017697  0.0023757 -0.1782962  0.0423367  0.0092251 -0.0074993  0.0194946 -0.0003337 -0.0001641
 2.8274334  0.0031185 -0.1745985  0.0404988  0.0089422 -0.0070494  0.0183904 -0.0001585 -0.0000688
 2.9530971  0.0040991 -0.1711275  0.0391561  0.0086113 -0.0069579  0.0170441 -0.0000631 -0.0000873
 3.0787608  0.0048801 -0.1680466  0.0375432  0.0086418 -0.0068907  0.0159682  0.0000452  0.0000680
 3.2044245  0.0056601 -0.1653398  0.0362697  0.0083818 -0.0068791  0.0151648 -0.0000826 -0.0000391
 3.3300882  0.0063962 -0.1625531  0.0349752  0.0082117 -0.0069212  0.0139737 -0.0001125 -0.0000024
 3.4557519  0.0071958 -0.1595149  0.0332728  0.0080550 -0.0066039  0.0131147  0.0000142 -0.0003376
 3.5814156  0.0072479 -0.1566072  0.0320667  0.0073501 -0.0058808  0.0124137 -0.0000779 -0.0002687
 3.7070793  0.0078539 -0.1540754  0.0310854  0.0071260 -0.0064528  0.0117377  0.0000460 -0.0001431
 3.8327430  0.0079319 -0.1520098  0.0301670  0.0074428 -0.0055465  0.0108875 -0.0001199 -0.0000881
 3.9584067  0.0088254 -0.1492974  0.0288090  0.0069751 -0.0049039  0.0101481 -0.0002915 -0.0001919
 4.0840704  0.0089389 -0.1472242  0.0281027  0.0063297 -0.0048118  0.0101170  0.0001335  0.0001715
 4.2097342  0.0092204 -0.1449917  0.0275077  0.0060187 -0.0046009  0.0093449 -0.0001869 -0.0001900
 4.3353979  0.0095797 -0.1429511  0.0265491  0.0059234 -0.0045894  0.0086903 -0.0003919 -0.0002255
 4.4610616  0.0096187 -0.1411702  0.0255188  0.0059673 -0.0047784  0.0082471  0.0000595 -0.0004264
 4.5867253  0.0093184 -0.1392370  0.0245334  0.0056764 -0.0040232  0.0075405  0.0001360 -0.0001407
 4.7123890  0.0094541 -0.1370511  0.0235551  0.0052385 -0.0035397  0.0074726  0.0002215  0.0002274
 4.8380527  0.0092832 -0.1348678  0.0228615  0.0050439 -0.0040072  0.0070239  0.0002133  0.0000156
 4.9637164  0.0093871 -0.1333544  0.0220470  0.0053538 -0.0041817  0.0065434  0.0001341  0.0000765
 5.0893801  0.0102727 -0.1313691  0.0213568  0.0051599 -0.0034342  0.0063208  0.0004869 -0.0001957
 5.2150438  0.0099853 -0.1297555  0.0207064  0.0045520 -0.0028000  0.0060844 -0.0000146 -0.0002772
 5.3407075  0.0099183 -0.1279130  0.0203169  0.0042847 -0.0031307  0.0058787 -0.0003329 -0.0001922
 5.4663712  0.0099832 -0.1260371  0.0199964  0.0043025 -0.0033478  0.0055018 -0.0000426  0.0000307
 5.5920349  0.0097428 -0.1244424  0.0191681  0.0043319 -0.0036513  0.0053547  0.0000219 -0.0002355
 5.7176986  0.0100033 -0.1232121  0.0184179  0.0043933 -0.0034031  0.0051132  0.0001299 -0.0000537
 5.8433623  0.0105174 -0.1214334  0.0179217  0.0039787 -0.0032577  0.0044949 -0.0000498 -0.0000416
 5.9690260  0.0101602 -0.1192429  0.0176046  0.0038105 -0.0032420  0.0041505  0.0000673 -0.0003503
 6.0946897  0.0095703 -0.1187339  0.0172313  0.0038619 -0.0030753  0.0040513  0.0004509 -0.0000344
 6.2203535  0.0101917 -0.1171683  0.0163109  0.0039019 -0.0029546  0.0034591  0.0000713 -0.0001734
 6.3460172  0.0105259 -0.1152779  0.0157131  0.0032134 -0.0026860  0.0039348 -0.0002542 -0.0003175
 6.4716809  0.0092727 -0.1142678  0.0155927  0.0031591 -0.0026879  0.0043375 -0.0001363 -0.0002197
 6.5973446  0.0097021 -0.1130585  0.0153078  0.0033145 -0.0028007  0.0034834 -0.0000940 -0.0002263
 6.7230083  0.0093707 -0.1117941  0.0150062  0.0031772 -0.0021678  0.0033562  0.0000381 -0.0004708
 6.8486720  0.0098975 -0.1101863  0.0144312  0.0033441 -0.0022185  0.0030029  0.0001808  0.0001260
 6.9743357  0.0100522 -0.1087350  0.0136116  0.0029831 -0.0024110  0.0032035  0.0000496 -0.0000578
 7.0999994  0.0095263 -0.1070214  0.0136200  0.0024919 -0.0028164  0.0031777  0.0000752  0.0000562
 7.2256631  0.0087211 -0.1060399  0.0139066  0.0026581 -0.0025157  0.0027217  0.0003021 -0.0000533
 7.3513268  0.0086760 -0.1053150  0.0132781  0.0033358 -0.0019737  0.0023680 -0.0001985 -0.0002317
 7.4769905  0.0094886 -0.1042868  0.0126522  0.0030158 -0.0017530  0.0026881  0.0001079 -0.0003893
 7.6026542  0.0096151 -0.1032200  0.0124450  0.0023785 -0.0019343  0.0027673  0.0003627 -0.0001198
 7.7283179  0.0092090 -0.1024136  0.0120550  0.0022312 -0.0022025  0.0031278  0.0000895 -0.0001079
 7.8539816  0.0086372 -0.1010400  0.0119029  0.0024380 -0.0017343  0.0026742 -0.0000855 -0.0001048
 7.9796453  0.0088018 -0.1000799  0.0116486  0.0024502 -0.0018693  0.0023588 -0.0000124 -0.0000649
 8.1053090  0.0092703 -0.0988962  0.0110597  0.0027057 -0.0018392  0.0021820 -0.0002370 -0.0000703
 8.2309728  0.0090037 -0.0977112  0.0106974  0.0021737 -0.0011976  0.0029059 -0.0002684  0.0001854
 8.3566365  0.0082171 -0.0962852  0.0107896  0.0017408 -0.0014409  0.0024902 -0.0003008 -0.0002012
 8.4823002  0.0079072 -0.0952994  0.0105674  0.0019511 -0.0013247  0.0022691 -0.0003223  0.0000857
 8.6079639  0.0079252 -0.0948525  0.0101412  0.0017075 -0.0013015  0.0020189 -0.0002459  0.0003589
 8.7336276  0.0086598 -0.0937661  0.0098093  0.0016142 -0.0013813  0.0022488 -0.0001950  0.0003750
 8.8592913  0.0084790 -0.0922781  0.0098371  0.0014961 -0.0015812  0.0019011 -0.0001389  0.0003452
 8.9849550  0.0076048 -0.0915834  0.0097368  0.0015284 -0.0020021  0.0019059  0.0000922  0.0001841
 9.1106187  0.0074602 -0.0915295  0.0095709  0.0015398 -0.0018154  0.0018810 -0.0002763  0.0000756
 9.2362824  0.0079788 -0.0905107  0.0091632  0.0017268 -0.0017469  0.0016872  0.0000650 -0.0002224
 9.3619461  0.0081938 -0.0891554  0.0089358  0.0017168 -0.0012926  0.0016172  0.0001587 -0.0002708
 9.4876098  0.0079585 -0.0884434  0.0090615  0.0014023 -0.0017020  0.0017925  0.0000438 -0.0003249
 9.6132735  0.0072093 -0.0880583  0.0089698  0.0016782 -0.0015695  0.0018534  0.0000238 -0.0000591
 9.7389372  0.0071603 -0.0873148  0.0085044  0.0018608 -0.0010695  0.0014934 -0.0001989  0.0000446
 9.8646009  0.0074775 -0.0859308  0.0080346  0.0016263 -0.0008718  0.0012655  0.0002115  0.0002470
 9.9902646  0.0077144 -0.0849584  0.0079571  0.0012296 -0.0008007  0.0018468  0.0000386  0.0002584
 10.1159283  0.0069016 -0.0840736  0.0080816  0.0010857 -0.0010596  0.0018989 -0.0002185  0.0002801
 10.2415921  0.0066138 -0.0838705  0.0081939  0.0013545 -0.0013633  0.0014361 -0.0003184 -0.0001506
 10.3672558  0.0072998 -0.0832389  0.0076694  0.0015383 -0.0013734  0.0010257  0.0000787 -0.0005745
 10.4929195  0.0074307 -0.0818655  0.0070856  0.0013511 -0.0009121  0.0012235 -0.0000211 -0.0006057
 10.6185832  0.0069223 -0.0808061  0.0073000  0.0009923 -0.0009403  0.0017726 -0.0000130 -0.0003291
 10.7442469  0.0063913 -0.0804592  0.0075813  0.0011735 -0.0014392  0.0015392  0.0004914  0.0000968
 10.8699106  0.0065531 -0.0800783  0.0073896  0.0016703 -0.0014169  0.0010726  0.0002239  0.0000537
 10.9955743  0.0069524 -0.0797619  0.0069048  0.0015933 -0.0010515  0.0008843  0.0000793 -0.0000648
 11.1212380  0.0070899 -0.0785719  0.0064418  0.0009719 -0.0007850  0.0011402  0.0000043 -0.0002600
 11.2469017  0.0068738 -0.0773687  0.0064247  0.0008849 -0.0013064  0.0013712  0.0001141 -0.0001929
 11.3725654  0.0062918 -0.0770742  0.0065390  0.0012014 -0.0013688  0.0013667 -0.0000088 -0.0003452
 11.4982291  0.0058215 -0.0766923  0.0064874  0.0013221 -0.0008364  0.0003705  0.0001306 -0.0004922
 11.6238928  0.0063451 -0.0761921  0.0061243  0.0012300 -0.0004088  0.0002833 -0.0000535 -0.0002138
 11.7495565  0.0068802 -0.0746644  0.0055165  0.0009703 -0.0007807  0.0008125  0.0000463  0.0003026
 11.8752202  0.0064106 -0.0739639  0.0056034  0.0005298 -0.0008439  0.0016238  0.0000187 -0.0000827
 12.0008839  0.0059237 -0.0737942  0.0062546  0.0005511 -0.0011423  0.0012014 -0.0000530  0.0006937
 12.1265476  0.0061136 -0.0732691  0.0059910  0.0007686 -0.0010526  0.0004607  0.0002280  0.0005773
 12.2522113  0.0062413 -0.0723229  0.0054835  0.0006005 -0.0010231  0.0006033 -0.0001723 -0.0005482
 12.3778751  0.0059718 -0.0713859  0.0054621  0.0003858 -0.0008179  0.0009342  0.0000823 -0.0003149
 12.5035388  0.0056031 -0.0706788  0.0058283  0.0006619 -0.0010468  0.0012847 -0.0000913 -0.0003734
 12.6292025  0.0053084 -0.0707484  0.0056524  0.0008727 -0.0012562  0.0008773 -0.0000024 -0.0004686
 12.7548662  0.0054223 -0.0700655  0.0054183  0.0007476 -0.0007680  0.0003067  0.0002627 -0.0002045
 12.8805299  0.0051870 -0.0695018  0.0053934  0.0004387 -0.0004437  0.0001022  0.0002053 -0.0001272
 13.0061936  0.0048107 -0.0687346  0.0054712  0.0004344 -0.0004882 -0.0000936  0.0003795  0.0002756
 13.1318573  0.0045189 -0.0685584  0.0051841  0.0007410 -0.0005693  0.0001394  0.0001098  0.0002139
 13.2575210  0.0044857 -0.0683511  0.0048892  0.0009560 -0.0010534  0.0003755 -0.0000745  0.0001300
 13.3831847  0.0048379 -0.0682733  0.0047296  0.0010916 -0.0005144  0.0006766  0.0000545  0.0001452
 13.5088484  0.0049239 -0.0671091  0.0044784  0.0006501 -0.0001714  0.0009442  0.0001754  0.0002530
 13.6345121  0.0047318 -0.0656622  0.0046755  0.0005802 -0.0005956  0.0003002  0.0000761 -0.0002269
 13.7601758  0.0044560 -0.0654129  0.0047893  0.0005029 -0.0004254  0.0003471  0.0002509 -0.0000539
 13.8858395  0.0045561 -0.0660762  0.0045331  0.0007007 -0.0005071  0.0007029 -0.0003217 -0.0002000
 14.0115032  0.0047204 -0.0655059  0.0042241  0.0006181 -0.0001735  0.0008276 -0.0002818 -0.0000346
 14.1371669  0.0050529 -0.0643258  0.0041709  0.0004101 -0.0005105  0.0008362  0.0000553  0.0002244
 14.2628306  0.0048182 -0.0638922  0.0046069  0.0002790 -0.0010402  0.0014088 -0.0001687 -0.0001586
 14.3884944  0.0039957 -0.0643265  0.0049579  0.0005212 -0.0009740  0.0012938  0.0000166 -0.0002281
 14.5141581  0.0036624 -0.0636597  0.0043427  0.0009104 -0.0000741  0.0006297  0.0002710  0.0000575
 14.6398218  0.0044466 -0.0627883  0.0041095  0.0005386 -0.0002717  0.0007258  0.0000759  0.0003167
 14.7654855  0.0043412 -0.0618973  0.0042551  0.0002169 -0.0002556  0.0008786  0.0003689  0.0005898
 14.8911492  0.0039593 -0.0613025  0.0045375  0.0003320 -0.0006860  0.0006614  0.0003964  0.0001861
 15.0168129  0.0039438 -0.0614555  0.0043297  0.0005898 -0.0005961  0.0002281 -0.0001698 -0.0004694
 15.1424766  0.0040534 -0.0613141  0.0040410  0.0006487 -0.0001787  0.0001215  0.0003133 -0.0002413
 15.2681403  0.0042699 -0.0606191  0.0037674  0.0004511  0.0006528 -0.0000037  0.0001407 -0.0002788
 15.3938040  0.0044448 -0.0599253  0.0039143 -0.0002092 -0.0003090  0.0010339 -0.0002252  0.0000261
 15.5194677  0.0036459 -0.0594178  0.0043470  0.0002821 -0.0007631  0.0006798  0.0002928  0.0003839
 15.6451314  0.0039269 -0.0590374  0.0041078  0.0008350 -0.0005666 -0.0001353  0.0000529  0.0000655
 15.7707951  0.0043309 -0.0588885  0.0038519  0.0007443 -0.0003530  0.0001823 -0.0002929 -0.0000445
 15.8964588  0.0039235 -0.0583029  0.0037941  0.0002412 -0.0000655  0.0006280 -0.0000824 -0.0003061
 16.0221225  0.0034497 -0.0576182  0.0039859  0.0002089 -0.0002321  0.0001709 -0.0003597 -0.0002188
 16.1477862  0.0039598 -0.0571518  0.0038954  0.0003124 -0.0006167 -0.0002391 -0.0003371 -0.0000484
 16.2734499  0.0039277 -0.0573054  0.0037325  0.0003672 -0.0007488 -0.0000546 -0.0002971 -0.0000860
 16.3991137  0.0037251 -0.0570084  0.0032924  0.0005419 -0.0000335  0.0001489 -0.0002127 -0.0001388
 16.5247774  0.0040907 -0.0559594  0.0035955  0.0003394 -0.0004416  0.0006762 -0.0000968 -0.0003112
 16.6504411  0.0035990 -0.0559098  0.0038746  0.0002869 -0.0008769  0.0005023 -0.0001368 -0.0006971
 16.7761048  0.0034807 -0.0563357  0.0035419  0.0004283 -0.0005279  0.0001065 -0.0003279 -0.0005341
 16.9017685  0.0034694 -0.0558981  0.0029398  0.0004357  0.0002822  0.0000102 -0.0000988 -0.0002686
 17.0274322  0.0032629 -0.0547940  0.0031893  0.0002157  0.0001355  0.0004798  0.0000247 -0.0002075
 17.1530959  0.0030309 -0.0547656  0.0034234  0.0003159 -0.0001865  0.0007704 -0.0000717 -0.0000360
 17.2787596  0.0028762 -0.0543550  0.0035028  0.0006324 -0.0002951  0.0002059 -0.0000585 -0.0001782
 17.4044233  0.0029833 -0.0541585  0.0031802  0.0007849 -0.0003270 -0.0007241 -0.0000390 -0.0003213
 17.5300870  0.0036410 -0.0537614  0.0025623  0.0006643 -0.0000729 -0.0001873 -0.0000863 -0.0001352
 17.6557507  0.0037244 -0.0530063  0.0027296  0.0003654  0.0001347  0.0004920 -0.0002607 -0.0001958
 17.7814144  0.0036815 -0.0526150  0.0030967  0.0002093 -0.0006536  0.0007557 -0.0004225 -0.0000010
 17.9070781  0.0030309 -0.0525555  0.0031542  0.0003254 -0.0007331 -0.0000025 -0.0000142 -0.0001113
 18.0327418  0.0030287 -0.0523838  0.0029266  0.0003116 -0.0000846 -0.0003881 -0.0000653 -0.0001445
 18.1584055  0.0029999 -0.0520013  0.0028255  0.0003407 -0.0001752 -0.0001300 -0.0005324 -0.0001164
 18.2840692  0.0034187 -0.0516570  0.0026869  0.0003383 -0.0003770  0.0002983 -0.0001570  0.0002384
 18.4097330  0.0027517 -0.0510153  0.0026528  0.0000437 -0.0004968 -0.0000369  0.0000493 -0.0000229
 18.5353967  0.0027974 -0.0510990  0.0029915  0.0001608 -0.0010721  0.0001263 -0.0002911  0.0001845
 18.6610604  0.0032421 -0.0511042  0.0028612  0.0003984 -0.0005002 -0.0001752 -0.0002632  0.0004801
 18.7867241  0.0030521 -0.0500897  0.0021940  0.0003037  0.0000926 -0.0001368 -0.0000038  0.0005438
 18.9123878  0.0026970 -0.0494517  0.0022800  0.0000495 -0.0000622  0.0000433 -0.0000835  0.0001400
 19.0380515  0.0027025 -0.0493793  0.0026633  0.0000879 -0.0000692 -0.0000833 -0.0000025  0.0000307
 19.1637152  0.0030312 -0.0495067  0.0028294  0.0005353 -0.0006387  0.0002403 -0.0001769 -0.0001645
 19.2893789  0.0029811 -0.0490622  0.0025824  0.0006082 -0.0002852  0.0002389 -0.0001056 -0.0001647
 19.4150426  0.0033070 -0.0487665  0.0023007  0.0004208 -0.0005070  0.0002001 -0.0000946 -0.0000680
 19.5407063  0.0033338 -0.0482105  0.0021765  0.0004894 -0.0004658  0.0003016 -0.0000899 -0.0000284
 19.6663700  0.0026574 -0.0481945  0.0024650  0.0003256 -0.0002761  0.0007712 -0.0000362 -0.0000127
 19.7920337  0.0025721 -0.0484229  0.0024853  0.0005514 -0.0002216  0.0008011  0.0000957  0.0005440
 19.9176974  0.0027319 -0.0475518  0.0023473  0.0004148  0.0000269  0.0005178 -0.0002522  0.0004247
 20.0433611  0.0030004 -0.0470608  0.0021687  0.0001777 -0.0004604  0.0005707 -0.0000546  0.0001112
 20.1690248  0.0027419 -0.0464566  0.0023630  0.0000278 -0.0008583  0.0002331 -0.0001814 -0.0002706
 20.2946885  0.0022876 -0.0464687  0.0026134  0.0001611 -0.0009885 -0.0001032  0.0000417 -0.0002897
 20.4203522  0.0020104 -0.0465495  0.0026326  0.0005432 -0.0002585  0.0003330  0.0003536 -0.0002479
 20.5460160  0.0026245 -0.0458685  0.0027385  0.0005034 -0.0002048  0.0002551  0.0005254  0.0001290
 20.6716797  0.0023734 -0.0458301  0.0026474  0.0005161 -0.0007916  0.0003016  0.0002540  0.0002726
 20.7973434  0.0020608 -0.0461588  0.0025666  0.0005562 -0.0003039  0.0003217  0.0001264 -0.0000172
 20.9230071  0.0023803 -0.0461660  0.0024543  0.0005643  0.0001620 -0.0001192  0.0001407 -0.0001523
 21.0486708  0.0028229 -0.0452686  0.0022562  0.0005603 -0.0001030 -0.0004011  0.0003321 -0.0002399
 21.1743345  0.0027553 -0.0450339  0.0019221  0.0003886 -0.0003128  0.0000881  0.0001516  0.0001080
 21.2999982  0.0025416 -0.0448882  0.0021632  0.0001752 -0.0002072  0.0001115 -0.0000026  0.0000719
 21.4256619  0.0025690 -0.0447303  0.0025836  0.0003798 -0.0001590  0.0002136  0.0001476  0.0005107
 21.5513256  0.0026476 -0.0445988  0.0024955  0.0006272 -0.0000647  0.0001675  0.0000054  0.0004611
 21.6769893  0.0028801 -0.0446057  0.0021765  0.0005345  0.0004052  0.0000096 -0.0003323  0.0001374
 21.8026530  0.0031211 -0.0437562  0.0021428  0.0000630  0.0002227 -0.0002630 -0.0003765  0.0000966
 21.9283167  0.0025755 -0.0437990  0.0020619 -0.0002699 -0.0000265 -0.0000526 -0.0001446  0.0000463
 22.0539804  0.0024050 -0.0435398  0.0019859 -0.0001067 -0.0004198  0.0002245 -0.0002551  0.0001854
 22.1796441  0.0018422 -0.0432613  0.0020841  0.0001946 -0.0002700  0.0002850  0.0001700 -0.0002080
 22.3053078  0.0017095 -0.0431001  0.0019489  0.0003735 -0.0000491 -0.0001727  0.0000228 -0.0005389
 22.4309715  0.0020988 -0.0428661  0.0018785  0.0002101  0.0000398  0.0002275 -0.0000358 -0.0003249
 22.5566353  0.0018666 -0.0420359  0.0021337  0.0001045  0.0002698  0.0001714  0.0000377 -0.0000128
 22.6822990  0.0019377 -0.0418325  0.0021605  0.0004786 -0.0000695 -0.0000105 -0.0000477 -0.0000817
 22.8079627  0.0022338 -0.0417556  0.0019611  0.0004808 -0.0003653 -0.0001755 -0.0001449  0.0000102
 22.9336264  0.0024042 -0.0421405  0.0017348  0.0003971 -0.0002688  0.0002470  0.0003901  0.0001105
 23.0592901  0.0024787 -0.0417252  0.0018661  0.0003988 -0.0001177 -0.0000699  0.0000289  0.0001205
 23.1849538  0.0025957 -0.0418492  0.0016172  0.0003604 -0.0004390  0.0002677  0.0001364  0.0000319
 23.3106175  0.0024906 -0.0412574  0.0016745  0.0000941 -0.0005267  0.0003180 -0.0001998 -0.0000857
 23.4362812  0.0019153 -0.0408083  0.0017363  0.0001269 -0.0000751 -0.0004006 -0.0003112  0.0003745
 23.5619449  0.0024937 -0.0409270  0.0015986  0.0002953  0.0000366  0.0004255  0.0002375  0.0005861
 23.6876086  0.0023653 -0.0401608  0.0016837  0.0000311 -0.0001902  0.0004954  0.0001074  0.0001791
 23.8132723  0.0026864 -0.0401989  0.0017013  0.0000652 -0.0009395  0.0001390  0.0000995  0.0002397
 23.9389360  0.0026389 -0.0398817  0.0015932  0.0002912 -0.0005592 -0.0000450  0.0001459  0.0000970
 24.0645997  0.0021620 -0.0394967  0.0013518  0.0000550 -0.0004956  0.0002027 -0.0000272  0.0002256
 24.1902634  0.0014655 -0.0398114  0.0017202 -0.0000290 -0.0007505  0.0004698  0.0000215  0.0003183
 24.3159271  0.0015827 -0.0395870  0.0017592  0.0001783 -0.0002892  0.0000046 -0.0001982 -0.0000163
 24.4415908  0.0016807 -0.0392934  0.0018146  0.0001818  0.0000882  0.0003856 -0.0003040 -0.0000052
 24.5672546  0.0012586 -0.0389476  0.0019863  0.0001232  0.0002952  0.0000833  0.0001044  0.0002593
 24.6929183  0.0017868 -0.0392703  0.0021786  0.0003520  0.0001414  0.0000136  0.0001279  0.0000115
 24.8185820  0.0021722 -0.0389221  0.0018159  0.0002889  0.0000247 -0.0001736  0.0000978 -0.0002546
 24.9442457  0.0015316 -0.0386658  0.0015944 -0.0000775 -0.0000048 -0.0000441  0.0004887 -0.0001491
 25.0699094  0.0015950 -0.0386687  0.0016880  0.0002257 -0.0003261 -0.0003144  0.0000552 -0.0001481
 25.1955731  0.0018082 -0.0387843  0.0015400  0.0002064 -0.0005077  0.0000740 -0.0000425 -0.0002198
 25.3212368  0.0013871 -0.0386313  0.0016154  0.0001076 -0.0000601  0.0001362  0.0000615  0.0000442
 25.4469005  0.0017938 -0.0380841  0.0017691  0.0001575  0.0001762 -0.0003138 -0.0004449  0.0001664
 25.5725642  0.0020847 -0.0373927  0.0015743  0.0002903  0.0000408 -0.0003486 -0.0005552  0.0003648
 25.6982279  0.0013516 -0.0376318  0.0014265  0.0002604  0.0003270  0.0003410 -0.0003319  0.0000945
 25.8238916  0.0012151 -0.0375927  0.0014768  0.0002103  0.0000820  0.0002966 -0.0000133  0.0001579
 25.9495553  0.0014735 -0.0372953  0.0016561  0.0003401 -0.0002079  0.0001114 -0.0001000  0.0002063
 26.0752190  0.0015151 -0.0369844  0.0016624  0.0003751 -0.0000504 -0.0002576 -0.0003883  0.0004417
 26.2008827  0.0018264 -0.0368642  0.0013835  0.0003947 -0.0002166 -0.0005714 -0.0000444  0.0002371
 26.3265464  0.0017614 -0.0366839  0.0013550  0.0002850  0.0002136 -0.0002171 -0.0001342 -0.0001808
 26.4522101  0.0011675 -0.0372851  0.0015315  0.0000317 -0.0000798  0.0002955  0.0000923 -0.0001432
 26.5778738  0.0011571 -0.0377136  0.0016666  0.0004180 -0.0001303  0.0002784 -0.0000367 -0.0002243
 26.7035376  0.0020562 -0.0367972  0.0013699  0.0005772  0.0001217 -0.0000914 -0.0000483  0.0000591
 26.8292013  0.0015568 -0.0361054  0.0011613  0.0005150  0.0001746  0.0000983  0.0001253  0.0001784
 26.9548650  0.0011876 -0.0359775  0.0010166  0.0004203  0.0005249  0.0000397 -0.0001200 -0.0001948
 27.0805287  0.0016295 -0.0359056  0.0011124  0.0001871  0.0001703  0.0002580 -0.0002274 -0.0001116
 27.2061924  0.0018813 -0.0358235  0.0011289  0.0002035 -0.0000674  0.0002596 -0.0002066 -0.0000142
 27.3318561  0.0017034 -0.0358236  0.0013697  0.0000991  0.0003747  0.0002905 -0.0001282  0.0003850
 27.4575198  0.0017146 -0.0358350  0.0013922 -0.0000146  0.0006016  0.0000299 -0.0002912  0.0001201
 27.5831835  0.0015321 -0.0355731  0.0013648  0.0000182  0.0006466  0.0003486  0.0000948  0.0003038
 27.7088472  0.0015409 -0.0352255  0.0015014  0.0003548  0.0001658  0.0002384  0.0004318  0.0000899
 27.8345109  0.0014006 -0.0349023  0.0010381  0.0002756  0.0005353 -0.0002967 -0.0000177 -0.0000657
 27.9601746  0.0015622 -0.0346807  0.0009625 -0.0000435  0.0003530 -0.0001920  0.0003008 -0.0001482
 28.0858383  0.0015077 -0.0346545  0.0011994  0.0001524  0.0001932  0.0000486  0.0002437 -0.0001857
 28.2115020  0.0017954 -0.0343581  0.0009998  0.0003182  0.0000563  0.0000760  0.0000782  0.0000527
 28.3371657  0.0018915 -0.0340258  0.0008117  0.0000504 -0.0000434 -0.0003211 -0.0000959 -0.0001606
 28.4628294  0.0016629 -0.0340633  0.0010224  0.0001610  0.0001857 -0.0000391  0.0000893 -0.0000705
 28.5884931  0.0019439 -0.0336220  0.0011818  0.0000924  0.0003053  0.0000152 -0.0000080  0.0001184
 28.7141569  0.0015596 -0.0339412  0.0012812 -0.0002443  0.0002795  0.0004396 -0.0002238 -0.0001039
 28.8398206  0.0013676 -0.0337621  0.0015006 -0.0001099  0.0000571  0.0001599 -0.0003059  0.0000810
 28.9654843  0.0013206 -0.0337087  0.0014026 -0.0000929  0.0000418 -0.0002317  0.0001082 -0.0002100
 29.0911480  0.0012096 -0.0334764  0.0011056 -0.0000059  0.0002673 -0.0003320  0.0002311 -0.0001523
 29.2168117  0.0015467 -0.0335341  0.0011119 -0.0000310  0.0003476  0.0001645  0.0002836 -0.0001327
 29.3424754  0.0012685 -0.0333874  0.0011969 -0.0002363 -0.0000040  0.0004110  0.0001897 -0.0000160
 29.4681391  0.0014519 -0.0335536  0.0013346 -0.0001194 -0.0005340  0.0003402  0.0002503  0.0002035
 29.5938028  0.0015895 -0.0334478  0.0012902  0.0003376 -0.0003322 -0.0002101 -0.0000780  0.0000986
 29.7194665  0.0019381 -0.0331572  0.0009505  0.0003310  0.0000842 -0.0001655  0.0003630  0.0000080
 29.8451302  0.0020344 -0.0324431  0.0007623 -0.0000228 -0.0000345 -0.0000550  0.0003773  0.0001421
 29.9707939  0.0017483 -0.0320799  0.0009521 -0.0001382 -0.0000369  0.0001509 -0.0001906  0.0002035
 30.0964576  0.0015398 -0.0325655  0.0010484 -0.0000926  0.0000572  0.0003563  0.0001355 -0.0000463
 30.2221213  0.0011409 -0.0331447  0.0011984 -0.0000163  0.0000076  0.0005147  0.0001817  0.0001582
 30.3477850  0.0014407 -0.0328798  0.0009783  0.0000052 -0.0000517  0.0004226 -0.0001387 -0.0003171
 30.4734487  0.0014688 -0.0322382  0.0008691 -0.0002851  0.0000678  0.0006380 -0.0000787 -0.0003934
 30.5991124  0.0012098 -0.0316115  0.0014325 -0.0005346  0.0000288  0.0003262 -0.0005495  0.0000555
 30.7247762  0.0007952 -0.0321250  0.0017240 -0.0001411 -0.0002508  0.0001980 -0.0003714  0.0000209
 30.8504399  0.0009861 -0.0323883  0.0013270  0.0001263  0.0000242 -0.0003148 -0.0003111  0.0000804
 30.9761036  0.0012008 -0.0322671  0.0011083 -0.0001842 -0.0000245 -0.0001308 -0.0002377  0.0003485
 31.1017673  0.0008401 -0.0318373  0.0010147 -0.0000728 -0.0004251  0.0001951 -0.0004029  0.0003104
 31.2274310  0.0008500 -0.0319272  0.0009579 -0.0000596 -0.0009976  0.0001288 -0.0001811  0.0004377
 31.3530947  0.0010631 -0.0315617  0.0008053  0.0002354 -0.0006298 -0.0003217 -0.0002186  0.0001042
 31.4787584  0.0015821 -0.0313229  0.0006483  0.0000857  0.0000054 -0.0004329 -0.0000074  0.0002278
 31.6044221  0.0016235 -0.0307979  0.0007113 -0.0002063  0.0000712 -0.0002233  0.0003896  0.0002372
 31.7300858  0.0010806 -0.0305115  0.0011062 -0.0001889 -0.0001925 -0.0002525  0.0002263  0.0001791
 31.8557495  0.0010900 -0.0309861  0.0010733  0.0001652 -0.0001371 -0.0002448  0.0002373  0.0001080
 31.9814132  0.0018021 -0.0309505  0.0007696  0.0001600  0.0000343 -0.0006134 -0.0001305  0.0002607
 32.1070769  0.0013326 -0.0305009  0.0004654 -0.0000007  0.0000337 -0.0005796 -0.0000436  0.0002527
 32.2327406  0.0014269 -0.0302337  0.0005283 -0.0001554 -0.0002959  0.0000397  0.0001812  0.0001443
 32.3584043  0.0011490 -0.0301093  0.0009263 -0.0001806 -0.0005069  0.0001601 -0.0002696 -0.0000572
 32.4840680  0.0013465 -0.0304634  0.0010935  0.0002759 -0.0007753  0.0000419 -0.0000915 -0.0001687
 32.6097317  0.0013372 -0.0306454  0.0005437  0.0003814 -0.0003139 -0.0000785 -0.0003470 -0.0001702
 32.7353955  0.0016068 -0.0302661  0.0004482 -0.0002033 -0.0002676  0.0003971  0.0001736  0.0000328
 32.8610592  0.0015386 -0.0298402  0.0009795 -0.0002546 -0.0006723  0.0003356 -0.0001272 -0.0001612
 32.9867229  0.0008761 -0.0295878  0.0009963  0.0002646 -0.0006213  0.0000342  0.0000799 -0.0000719
 33.1123866  0.0008995 -0.0296247  0.0009234  0.0003449 -0.0001298 -0.0004815 -0.0000014 -0.0001072
 33.2380503  0.0014468 -0.0298915  0.0008147  0.0002269  0.0001900 -0.0001988 -0.0000119 -0.0006115
 33.3637140  0.0014789 -0.0294132  0.0006368  0.0003157  0.0003589  0.0004956 -0.0000816 -0.0000670
 33.4893777  0.0018693 -0.0290045  0.0007157 -0.0001102 -0.0002194  0.0004557  0.0001383  0.0000702
 33.6150414  0.0014511 -0.0288179  0.0010983 -0.0004461 -0.0006229  0.0002803  0.0002273 -0.0002213
 33.7407051  0.0008781 -0.0292386  0.0011290  0.0001742 -0.0002289  0.0001189  0.0002518  0.0001676
 33.8663688  0.0008622 -0.0292775  0.0006183  0.0002862  0.0002070  0.0003170  0.0000341 -0.0000893
 33.9920325  0.0012700 -0.0289876  0.0006567 -0.0001651  0.0002989  0.0002587 -0.0001104 -0.0002228
 34.1176962  0.0009563 -0.0285022  0.0008109 -0.0002741 -0.0000688  0.0001317  0.0000756  0.0001344
 34.2433599  0.0004828 -0.0282026  0.0007110 -0.0000571 -0.0001567 -0.0002692  0.0001813  0.0000740
 34.3690236  0.0006486 -0.0283868  0.0007709  0.0001066 -0.0005109 -0.0001553  0.0000676 -0.0002354
 34.4946873  0.0011367 -0.0283053  0.0008892  0.0004218 -0.0004279 -0.0004550  0.0003521 -0.0001663
 34.6203510  0.0014246 -0.0286959  0.0008851  0.0000272  0.0001526  0.0000853  0.0001180 -0.0000828
 34.7460147  0.0010661 -0.0287015  0.0010772 -0.0002296 -0.0000812  0.0002694 -0.0000090  0.0001038
 34.8716785  0.0008097 -0.0286677  0.0007810  0.0000204 -0.0000685  0.0000066 -0.0001264  0.0000240
 34.9973422  0.0014339 -0.0283500  0.0004330 -0.0001518 -0.0002824  0.0001324 -0.0002336  0.0000299
 35.1230059  0.0012437 -0.0275628  0.0006117 -0.0003652 -0.0003301 -0.0000253 -0.0000452  0.0003911
 35.2486696  0.0009636 -0.0275657  0.0008684 -0.0001107 -0.0006264 -0.0001124  0.0000546  0.0002885
 35.3743333  0.0012816 -0.0279462  0.0008004 -0.0001044 -0.0006419 -0.0000216  0.0005198 -0.0001585
 35.4999970  0.0012109 -0.0278417  0.0006721 -0.0000211 -0.0003635  0.0000345  0.0000326 -0.0001423
 35.6256607  0.0013851 -0.0279130  0.0006775  0.0000615 -0.0000589  0.0000668 -0.0000253 -0.0000979
 35.7513244  0.0012670 -0.0275435  0.0004709 -0.0003826  0.0000990  0.0005150  0.0000660 -0.0001190
 35.8769881  0.0005648 -0.0266703  0.0009641 -0.0005654 -0.0001213  0.0004658  0.0001404 -0.0002541
 36.0026518 -0.0000128 -0.0274312  0.0013015 -0.0000746 -0.0004665 -0.0001282 -0.0003260 -0.0003185
 36.1283155  0.0007383 -0.0280170  0.0007460  0.0003806 -0.0001717 -0.0006970 -0.0004247 -0.0001706
 36.2539792  0.0009217 -0.0267535  0.0002841 -0.0001805  0.0003849 -0.0005295  0.0000755 -0.0001404
 36.3796429  0.0004061 -0.0265501  0.0006444 -0.0004359 -0.0000508  0.0002641 -0.0002220 -0.0000453
 36.5053066  0.0006364 -0.0271096  0.0009476 -0.0000984 -0.0005826  0.0000957 -0.0001280  0.0003598
 36.6309703  0.0008128 -0.0270697  0.0008111  0.0004350 -0.0008587 -0.0001252 -0.0001226  0.0001984
 36.7566340  0.0008834 -0.0271247  0.0006483  0.0003743 -0.0004961 -0.0003968 -0.0000123  0.0001455
 36.8822978  0.0009779 -0.0270933  0.0003868  0.0001128  0.0002466 -0.0000028  0.0000886 -0.0001987
 37.0079615  0.0010964 -0.0264338  0.0008095 -0.0001174 -0.0001746  0.0005375  0.0003255 -0.0002947
 37.1336252  0.0008408 -0.0262514  0.0011845  0.0000793 -0.0008795  0.0002752  0.0003491  0.0000439
 37.2592889  0.0008496 -0.0267082  0.0010413  0.0003975 -0.0005904 -0.0005843  0.0003614  0.0001074
 37.3849526  0.0010578 -0.0266689  0.0005180  0.0003030  0.0003834 -0.0005317  0.0003477 -0.0001875
 37.5106163  0.0008536 -0.0259542  0.0005202 -0.0002703  0.0004753  0.0001152  0.0004074 -0.0001365
 37.6362800  0.0006281 -0.0259887  0.0008336 -0.0003617  0.0001742  0.0002874  0.0003484 -0.0002295
 37.7619437  0.0004378 -0.0260157  0.0009654 -0.0000103  0.0000480  0.0003929 -0.0000874 -0.0001805
 37.8876074  0.0009198 -0.0263085  0.0009135  0.0002140 -0.0003514  0.0002859 -0.0000106 -0.0001840
 38.0132711  0.0014273 -0.0260488  0.0005476 -0.0000830 -0.0003500 -0.0003697  0.0002658 -0.0001269
 38.1389348  0.0011716 -0.0252434  0.0005638 -0.0001990 -0.0001079  0.0000183  0.0001197 -0.0002067
 38.2645985  0.0003272 -0.0252067  0.0007868 -0.0002587  0.0000483 -0.0001066  0.0000695 -0.0000737
 38.3902622  0.0008121 -0.0254119  0.0008265 -0.0000884 -0.0001534 -0.0008043 -0.0000436  0.0000639
 38.5159259  0.0014575 -0.0258186  0.0005834  0.0000188 -0.0004091 -0.0000722 -0.0002040  0.0002002
 38.6415896  0.0012179 -0.0252234  0.0006082  0.0001554 -0.0005367  0.0000261 -0.0000907 -0.0000861
 38.7672533  0.0009533 -0.0253899  0.0006248  0.0000980 -0.0003871 -0.0002404 -0.0000031 -0.0003500
 38.8929171  0.0006487 -0.0253590  0.0006396  0.0000491 -0.0001429 -0.0001885  0.0000516 -0.0004823
 39.0185808  0.0007079 -0.0255088  0.0007614  0.0003473 -0.0004779 -0.0001005  0.0001530  0.0002316
 39.1442445  0.0004483 -0.0255756  0.0004461  0.0005575  0.0002691  0.0000595  0.0001276 -0.0001256
 39.2699082  0.0011578 -0.0248755  0.0002401  0.0001909  0.0002334  0.0001841 -0.0001875  0.0000496
 39.3955719  0.0007584 -0.0249715  0.0006885 -0.0004976  0.0000080  0.0007400  0.0000904  0.0000676
 39.5212356  0.0006425 -0.0249726  0.0009614 -0.0003088 -0.0003906 -0.0003970  0.0000094 -0.0000291
 39.6468993  0.0007835 -0.0251576  0.0005797  0.0001489  0.0001751 -0.0007409 -0.0001098 -0.0001689
 39.7725630  0.0008212 -0.0249544  0.0003395 -0.0001200  0.0008533 -0.0003920  0.0000023 -0.0000738
 39.8982267  0.0008831 -0.0246658  0.0004537 -0.0003452  0.0005721  0.0004626  0.0001791  0.0003618
 40.0238904  0.0006859 -0.0244695  0.0006779 -0.0004302 -0.0002675  0.0005738  0.0003043  0.0001571
