#w_matsubara  g11_Re     g11_Im     g12_Re     g12_Im     g13_Re     g13_Im     g12_nambu_Re     g12_nambu_Im     
 0.0628319 -0.0285683 -0.1896150  0.1912984  0.0210461 -0.0461031  0.0962557 -0.3058544  0.0002814
 0.1884956 -0.0221140 -0.3275712  0.1633568  0.0266092 -0.0227245  0.1603041 -0.1610790  0.0001083
 0.3141593 -0.0217198 -0.3340323  0.1443374  0.0218265 -0.0150893  0.1475840 -0.0816909  0.0001022
 0.4398230 -0.0212497 -0.3189785  0.1297506  0.0181661 -0.0120977  0.1253266 -0.0449753  0.0001288
 0.5654867 -0.0207323 -0.3023482  0.1180293  0.0157777 -0.0104874  0.1062230 -0.0270096  0.0005076
 0.6911504 -0.0200650 -0.2869535  0.1078325  0.0141549 -0.0100038  0.0908441 -0.0175291  0.0002286
 0.8168141 -0.0190738 -0.2733224  0.0989826  0.0132641 -0.0098681  0.0788842 -0.0117267  0.0000151
 0.9424778 -0.0175732 -0.2617002  0.0916283  0.0123976 -0.0099160  0.0694172 -0.0084602  0.0002625
 1.0681415 -0.0157094 -0.2516556  0.0853469  0.0118499 -0.0102699  0.0617750 -0.0065252  0.0001331
 1.1938052 -0.0137533 -0.2424606  0.0798727  0.0115194 -0.0098731  0.0548757 -0.0042871  0.0000278
 1.3194689 -0.0121829 -0.2342689  0.0746478  0.0114610 -0.0102319  0.0488020 -0.0030249  0.0003241
 1.4451326 -0.0109905 -0.2265400  0.0702288  0.0113012 -0.0098842  0.0440684 -0.0026122  0.0001411
 1.5707963 -0.0094385 -0.2198521  0.0664573  0.0110760 -0.0098208  0.0398750 -0.0021594  0.0003091
 1.6964600 -0.0076270 -0.2135894  0.0628929  0.0110479 -0.0095976  0.0367148 -0.0016896  0.0005771
 1.8221237 -0.0058723 -0.2082600  0.0594672  0.0107746 -0.0092381  0.0334407 -0.0015261  0.0001967
 1.9477874 -0.0044694 -0.2031460  0.0560903  0.0104148 -0.0092160  0.0304150 -0.0012875 -0.0000834
 2.0734512 -0.0036768 -0.1979765  0.0535172  0.0102958 -0.0085437  0.0279591 -0.0008691 -0.0001592
 2.1991149 -0.0018674 -0.1930686  0.0510397  0.0101693 -0.0089820  0.0256478 -0.0005441 -0.0002179
 2.3247786 -0.0004121 -0.1889644  0.0487367  0.0098904 -0.0087412  0.0239962 -0.0004770  0.0000876
 2.4504423  0.0007817 -0.1847567  0.0466315  0.0099008 -0.0080831  0.0220295 -0.0005410 -0.0000151
 2.5761060  0.0019685 -0.1807094  0.0445887  0.0094374 -0.0082647  0.0205069 -0.0004143 -0.0001711
 2.7017697  0.0027411 -0.1775294  0.0425550  0.0091184 -0.0082764  0.0190922 -0.0003659  0.0000888
 2.8274334  0.0035367 -0.1740349  0.0408580  0.0088586 -0.0078935  0.0177629 -0.0003963 -0.0000510
 2.9530971  0.0041444 -0.1709705  0.0391784  0.0088208 -0.0072707  0.0169009 -0.0002999 -0.0000891
 3.0787608  0.0049626 -0.1679697  0.0375266  0.0087047 -0.0068207  0.0158508 -0.0004951  0.0002796
 3.2044245  0.0054454 -0.1651798  0.0358859  0.0084380 -0.0062724  0.0150579 -0.0004449  0.0001648
 3.3300882  0.0062800 -0.1619948  0.0348201  0.0080245 -0.0063710  0.0138069 -0.0004033 -0.0000506
 3.4557519  0.0066761 -0.1590300  0.0334675  0.0075474 -0.0061357  0.0127031 -0.0002510  0.0000043
 3.5814156  0.0072662 -0.1563028  0.0323205  0.0072342 -0.0057987  0.0123929 -0.0002017  0.0001138
 3.7070793  0.0081269 -0.1540382  0.0310360  0.0068686 -0.0059253  0.0117081 -0.0002549 -0.0001985
 3.8327430  0.0083969 -0.1513575  0.0297530  0.0071830 -0.0058362  0.0108290 -0.0001123 -0.0000345
 3.9584067  0.0087990 -0.1492654  0.0288811  0.0068444 -0.0055647  0.0101567 -0.0002980 -0.0000177
 4.0840704  0.0090235 -0.1474235  0.0277351  0.0064361 -0.0061812  0.0099509 -0.0000627 -0.0001864
 4.2097342  0.0090474 -0.1455290  0.0268574  0.0064009 -0.0055957  0.0096815  0.0000679 -0.0002481
 4.3353979  0.0093940 -0.1433614  0.0260145  0.0061508 -0.0045643  0.0089723  0.0001312  0.0000175
 4.4610616  0.0100799 -0.1408140  0.0250710  0.0057411 -0.0049548  0.0083369  0.0000596  0.0001315
 4.5867253  0.0098352 -0.1390385  0.0244565  0.0055535 -0.0048865  0.0080997  0.0002364  0.0002735
 4.7123890  0.0093947 -0.1370433  0.0239384  0.0054068 -0.0044006  0.0075375  0.0002689  0.0000492
 4.8380527  0.0093868 -0.1349002  0.0228660  0.0051217 -0.0039241  0.0073746 -0.0001453  0.0000515
 4.9637164  0.0096288 -0.1328694  0.0221774  0.0050067 -0.0037573  0.0069814 -0.0006078 -0.0001583
 5.0893801  0.0102961 -0.1311812  0.0213326  0.0048991 -0.0042555  0.0066623 -0.0004831 -0.0001210
 5.2150438  0.0098508 -0.1294977  0.0207894  0.0049811 -0.0039837  0.0064275 -0.0002239 -0.0001906
 5.3407075  0.0093161 -0.1275932  0.0203065  0.0048142 -0.0034584  0.0062409 -0.0003850 -0.0001338
 5.4663712  0.0097011 -0.1251961  0.0198728  0.0046738 -0.0034152  0.0054832 -0.0002568 -0.0000967
 5.5920349  0.0101754 -0.1240904  0.0191048  0.0045029 -0.0032266  0.0056649  0.0002453 -0.0001263
 5.7176986  0.0100258 -0.1228548  0.0183843  0.0044780 -0.0029439  0.0053392  0.0000687  0.0001161
 5.8433623  0.0096470 -0.1212274  0.0179614  0.0041357 -0.0027935  0.0046765  0.0000775 -0.0002644
 5.9690260  0.0096327 -0.1199312  0.0177092  0.0038289 -0.0026575  0.0044688  0.0001657 -0.0003950
 6.0946897  0.0102436 -0.1182921  0.0175898  0.0035843 -0.0029531  0.0044714  0.0001263 -0.0002429
 6.2203535  0.0103424 -0.1169354  0.0168279  0.0035350 -0.0027869  0.0045367 -0.0002622 -0.0000814
 6.3460172  0.0104399 -0.1156254  0.0162065  0.0036695 -0.0030571  0.0043928  0.0002088  0.0000458
 6.4716809  0.0098331 -0.1148097  0.0156158  0.0035681 -0.0023872  0.0040452  0.0001997  0.0000920
 6.5973446  0.0089927 -0.1130918  0.0153602  0.0034795 -0.0020485  0.0037978 -0.0000680 -0.0004023
 6.7230083  0.0096808 -0.1117640  0.0150236  0.0031827 -0.0024547  0.0042398 -0.0001631 -0.0000896
 6.8486720  0.0099714 -0.1101376  0.0145796  0.0031531 -0.0021801  0.0038370 -0.0000147  0.0000648
 6.9743357  0.0100065 -0.1089934  0.0141511  0.0029737 -0.0021084  0.0034339  0.0001936  0.0001741
 7.0999994  0.0095578 -0.1078307  0.0139468  0.0028701 -0.0019128  0.0029014  0.0001039 -0.0002886
 7.2256631  0.0091367 -0.1068986  0.0136705  0.0028597 -0.0021792  0.0030441 -0.0001905 -0.0000606
 7.3513268  0.0091106 -0.1056974  0.0132338  0.0025570 -0.0024805  0.0032159  0.0000293 -0.0000477
 7.4769905  0.0094720 -0.1038072  0.0127503  0.0025210 -0.0023148  0.0028289 -0.0003489  0.0000469
 7.6026542  0.0093421 -0.1030712  0.0124743  0.0025409 -0.0016458  0.0027370 -0.0003737 -0.0002156
 7.7283179  0.0091534 -0.1020973  0.0121505  0.0023743 -0.0011171  0.0020680 -0.0000664 -0.0003702
 7.8539816  0.0086465 -0.1013055  0.0117089  0.0022920 -0.0018457  0.0019689 -0.0001104  0.0000060
 7.9796453  0.0086677 -0.1002069  0.0112418  0.0022751 -0.0022426  0.0019796 -0.0004875 -0.0002547
 8.1053090  0.0088841 -0.0987960  0.0109795  0.0021361 -0.0018950  0.0024642 -0.0002137 -0.0001496
 8.2309728  0.0089180 -0.0974658  0.0107809  0.0020726 -0.0016478  0.0030066 -0.0000363  0.0002077
 8.3566365  0.0087214 -0.0967127  0.0106390  0.0019825 -0.0018543  0.0025442 -0.0003919 -0.0000357
 8.4823002  0.0084879 -0.0955165  0.0105369  0.0018738 -0.0017172  0.0020001 -0.0003012 -0.0004902
 8.6079639  0.0079965 -0.0948873  0.0104530  0.0020187 -0.0013693  0.0021625 -0.0002459 -0.0002341
 8.7336276  0.0077535 -0.0937149  0.0102563  0.0018759 -0.0015083  0.0023726  0.0001028 -0.0001107
 8.8592913  0.0079226 -0.0927349  0.0097806  0.0017476 -0.0014048  0.0018339  0.0002186 -0.0001235
 8.9849550  0.0080787 -0.0922486  0.0093572  0.0016376 -0.0012803  0.0016347  0.0002735 -0.0002455
 9.1106187  0.0077586 -0.0915085  0.0095057  0.0014141 -0.0009861  0.0014997 -0.0002549 -0.0000677
 9.2362824  0.0074307 -0.0901855  0.0094127  0.0013088 -0.0009868  0.0017231  0.0001569 -0.0000436
 9.3619461  0.0075040 -0.0895668  0.0091356  0.0012017 -0.0010500  0.0020224  0.0003401 -0.0000276
 9.4876098  0.0078961 -0.0889703  0.0086725  0.0011188 -0.0012477  0.0019975  0.0000872  0.0002536
 9.6132735  0.0078792 -0.0878790  0.0085200  0.0013477 -0.0014106  0.0014431 -0.0000188 -0.0000215
 9.7389372  0.0072417 -0.0872519  0.0084082  0.0017573 -0.0014549  0.0015533  0.0001792 -0.0004473
 9.8646009  0.0068093 -0.0857038  0.0083256  0.0014858 -0.0014363  0.0014458 -0.0000633  0.0001061
 9.9902646  0.0065951 -0.0846230  0.0083070  0.0011132 -0.0013963  0.0016743 -0.0000129  0.0001921
 10.1159283  0.0067469 -0.0838692  0.0079988  0.0010978 -0.0011286  0.0015869 -0.0000306 -0.0000134
 10.2415921  0.0073344 -0.0836958  0.0076080  0.0014173 -0.0011832  0.0012576 -0.0001671 -0.0000069
 10.3672558  0.0074046 -0.0831145  0.0074276  0.0016352 -0.0009529  0.0011721 -0.0003833 -0.0002310
 10.4929195  0.0068825 -0.0825410  0.0073893  0.0014328 -0.0009605  0.0011081 -0.0001422 -0.0000557
 10.6185832  0.0066414 -0.0812933  0.0075119  0.0012739 -0.0010247  0.0012379 -0.0001701 -0.0000560
 10.7442469  0.0067458 -0.0802878  0.0070833  0.0009854 -0.0009696  0.0014442 -0.0001557  0.0002476
 10.8699106  0.0066974 -0.0794440  0.0067399  0.0010143 -0.0007100  0.0014486 -0.0001206  0.0000953
 10.9955743  0.0069355 -0.0788288  0.0068862  0.0011138 -0.0008785  0.0011611 -0.0001670  0.0000843
 11.1212380  0.0068336 -0.0785448  0.0068268  0.0010211 -0.0010984  0.0011871 -0.0000236  0.0000905
 11.2469017  0.0060858 -0.0781359  0.0068173  0.0007442 -0.0007180  0.0010548 -0.0002220 -0.0002398
 11.3725654  0.0060356 -0.0772340  0.0067900  0.0007947 -0.0008921  0.0011005 -0.0005389  0.0003311
 11.4982291  0.0064404 -0.0768053  0.0066014  0.0011156 -0.0008887  0.0010171 -0.0003669 -0.0003352
 11.6238928  0.0065704 -0.0760859  0.0059579  0.0010891 -0.0011430  0.0007371 -0.0003898 -0.0002390
 11.7495565  0.0064265 -0.0749932  0.0060379  0.0011262 -0.0016641  0.0010619 -0.0003042 -0.0000668
 11.8752202  0.0064259 -0.0746944  0.0062972  0.0008273 -0.0015104  0.0014104 -0.0004977 -0.0000120
 12.0008839  0.0057990 -0.0743742  0.0058370  0.0006992 -0.0009800  0.0014465 -0.0000928  0.0004127
 12.1265476  0.0054432 -0.0735495  0.0053020  0.0009332 -0.0007353  0.0011655  0.0000275  0.0000150
 12.2522113  0.0060586 -0.0726908  0.0053214  0.0010972 -0.0010074  0.0008922  0.0000485 -0.0002041
 12.3778751  0.0055090 -0.0721964  0.0057041  0.0010862 -0.0009546  0.0010004  0.0002450 -0.0001636
 12.5035388  0.0046384 -0.0711202  0.0057688  0.0009801 -0.0007110  0.0012237  0.0002071 -0.0003239
 12.6292025  0.0050700 -0.0704928  0.0055155  0.0007842 -0.0006330  0.0011194  0.0002836 -0.0002302
 12.7548662  0.0055896 -0.0704922  0.0052324  0.0007500 -0.0004713  0.0014316 -0.0001293 -0.0003565
 12.8805299  0.0057918 -0.0697593  0.0051940  0.0009588 -0.0005170  0.0009002 -0.0000534 -0.0003123
 13.0061936  0.0053358 -0.0694065  0.0051377  0.0008190 -0.0003877  0.0005268 -0.0001344 -0.0000176
 13.1318573  0.0051206 -0.0689161  0.0052039  0.0006657 -0.0008422  0.0004300  0.0003483 -0.0001208
 13.2575210  0.0048127 -0.0679752  0.0051926  0.0007402 -0.0008930  0.0008874  0.0002864 -0.0000603
 13.3831847  0.0051429 -0.0669715  0.0047024  0.0007724 -0.0006562  0.0006217 -0.0001577  0.0000380
 13.5088484  0.0049142 -0.0670958  0.0044924  0.0008065 -0.0004334  0.0009344 -0.0002474 -0.0001282
 13.6345121  0.0049214 -0.0663308  0.0046175  0.0006625 -0.0003722  0.0004913  0.0001521 -0.0001226
 13.7601758  0.0043000 -0.0658856  0.0046599  0.0008038 -0.0009061  0.0003419 -0.0000876  0.0003387
 13.8858395  0.0045480 -0.0653101  0.0043860  0.0007911 -0.0011682  0.0008042  0.0000824  0.0001299
 14.0115032  0.0048574 -0.0647930  0.0041756  0.0004736 -0.0008835  0.0006905  0.0000632 -0.0000568
 14.1371669  0.0047318 -0.0645711  0.0042685  0.0004295 -0.0005959  0.0005432  0.0000121 -0.0001750
 14.2628306  0.0047578 -0.0640218  0.0045497  0.0005312 -0.0008912  0.0002261 -0.0001371  0.0000937
 14.3884944  0.0043363 -0.0636051  0.0044179  0.0004932 -0.0010351  0.0001256  0.0002042  0.0002676
 14.5141581  0.0040462 -0.0627739  0.0044568  0.0002939 -0.0003316  0.0005993 -0.0001444  0.0002882
 14.6398218  0.0049574 -0.0622959  0.0044262  0.0004805 -0.0003824  0.0005564 -0.0001254 -0.0000292
 14.7654855  0.0049231 -0.0617028  0.0041442  0.0004701 -0.0001093 -0.0000404  0.0002854 -0.0002878
 14.8911492  0.0045640 -0.0616619  0.0040871  0.0006307 -0.0005816  0.0002593  0.0001878 -0.0001706
 15.0168129  0.0040882 -0.0613847  0.0044158  0.0006020 -0.0011784  0.0003097  0.0000929  0.0000820
 15.1424766  0.0039526 -0.0608893  0.0042338  0.0002109 -0.0013741  0.0003044 -0.0001024  0.0000241
 15.2681403  0.0038360 -0.0607853  0.0038585  0.0002879 -0.0007623  0.0011491 -0.0002310 -0.0001211
 15.3938040  0.0042149 -0.0604064  0.0035317  0.0002445 -0.0004738  0.0009752  0.0002705 -0.0003833
 15.5194677  0.0039830 -0.0602577  0.0035756  0.0006171 -0.0005923  0.0006365  0.0004645 -0.0003352
 15.6451314  0.0036439 -0.0597523  0.0037051  0.0008784 -0.0006593  0.0001516 -0.0001086 -0.0001228
 15.7707951  0.0035252 -0.0589359  0.0038215  0.0007317 -0.0008683  0.0003156 -0.0000220  0.0000952
 15.8964588  0.0038650 -0.0581519  0.0035808  0.0007031 -0.0009548  0.0001912  0.0000848  0.0000903
 16.0221225  0.0038267 -0.0579555  0.0032873  0.0007461 -0.0003510  0.0006897  0.0000883  0.0001883
 16.1477862  0.0039144 -0.0575279  0.0033735  0.0008284  0.0001082  0.0003373  0.0000111 -0.0002138
 16.2734499  0.0039749 -0.0570970  0.0034377  0.0007813 -0.0000216  0.0003385 -0.0000074 -0.0000728
 16.3991137  0.0037124 -0.0564487  0.0035087  0.0008292  0.0001163  0.0001511  0.0001079  0.0001877
 16.5247774  0.0036736 -0.0560707  0.0031766  0.0006240 -0.0000882  0.0002943  0.0001870 -0.0002447
 16.6504411  0.0037829 -0.0556579  0.0031073  0.0004885 -0.0001058  0.0002600  0.0003411 -0.0001492
 16.7761048  0.0040539 -0.0556079  0.0032916  0.0006256 -0.0003512  0.0003148  0.0003246  0.0001330
 16.9017685  0.0039270 -0.0553209  0.0034511  0.0007812 -0.0002736  0.0002991 -0.0002417 -0.0000071
 17.0274322  0.0037832 -0.0548244  0.0035732  0.0004027 -0.0002294  0.0003389 -0.0003357 -0.0003663
 17.1530959  0.0033777 -0.0545176  0.0033119  0.0001839 -0.0001900  0.0003683 -0.0002775 -0.0003653
 17.2787596  0.0033442 -0.0541385  0.0031875  0.0003542 -0.0001221  0.0002600 -0.0002228  0.0001365
 17.4044233  0.0034854 -0.0542444  0.0029755  0.0004962 -0.0002901  0.0002594 -0.0001154  0.0002003
 17.5300870  0.0028489 -0.0539041  0.0028682  0.0006665 -0.0002622  0.0002161  0.0001450 -0.0001361
 17.6557507  0.0027882 -0.0536476  0.0028803  0.0005519 -0.0002551  0.0000955  0.0001948 -0.0000186
 17.7814144  0.0031121 -0.0526889  0.0028149  0.0004408 -0.0003319 -0.0001038  0.0000627  0.0000599
 17.9070781  0.0036553 -0.0523052  0.0027232  0.0004345 -0.0002785  0.0003375 -0.0001534  0.0000234
 18.0327418  0.0035151 -0.0520559  0.0025882  0.0004846 -0.0001291 -0.0001988  0.0000627  0.0000250
 18.1584055  0.0031941 -0.0520590  0.0026378  0.0007253 -0.0000520  0.0000485 -0.0000431  0.0000584
 18.2840692  0.0036204 -0.0515567  0.0029340  0.0005153 -0.0002709 -0.0001775  0.0000419 -0.0000581
 18.4097330  0.0036968 -0.0508792  0.0028820 -0.0001036 -0.0006313  0.0000607 -0.0000330 -0.0002638
 18.5353967  0.0036544 -0.0509445  0.0026059 -0.0000793 -0.0008080  0.0004422  0.0002343  0.0001379
 18.6610604  0.0033598 -0.0510137  0.0023066  0.0001846 -0.0005651  0.0006481 -0.0002042 -0.0000796
 18.7867241  0.0030260 -0.0506550  0.0024551  0.0003087 -0.0004709  0.0004451 -0.0003070  0.0000666
 18.9123878  0.0028392 -0.0502481  0.0025038  0.0003966 -0.0001580  0.0001704 -0.0002740  0.0002159
 19.0380515  0.0031275 -0.0497548  0.0027954  0.0003592 -0.0001804  0.0001864 -0.0001473  0.0006564
 19.1637152  0.0032981 -0.0493627  0.0028065  0.0001388 -0.0001531  0.0001974 -0.0003039  0.0002582
 19.2893789  0.0031033 -0.0490987  0.0026724  0.0003454 -0.0003704 -0.0000547  0.0001471  0.0000502
 19.4150426  0.0031470 -0.0492001  0.0026335  0.0004606 -0.0005280  0.0000264  0.0002597  0.0000550
 19.5407063  0.0030048 -0.0488546  0.0022622  0.0003628 -0.0002046 -0.0000619  0.0003263  0.0001790
 19.6663700  0.0026590 -0.0485685  0.0021700  0.0000420 -0.0006095  0.0006521  0.0000914 -0.0000848
 19.7920337  0.0028619 -0.0480977  0.0023027  0.0001297 -0.0007047  0.0004085 -0.0001561  0.0001947
 19.9176974  0.0026349 -0.0480488  0.0021760  0.0003114 -0.0003222  0.0003165 -0.0002661 -0.0002204
 20.0433611  0.0026083 -0.0477600  0.0019110  0.0005363 -0.0006685  0.0004493  0.0001652 -0.0003722
 20.1690248  0.0027756 -0.0474820  0.0021886  0.0003791 -0.0004009  0.0003000  0.0004174 -0.0000059
 20.2946885  0.0030388 -0.0472768  0.0023510 -0.0000749 -0.0002849  0.0001632 -0.0001208  0.0001286
 20.4203522  0.0030209 -0.0468138  0.0022249  0.0000520 -0.0000565  0.0000875  0.0002250  0.0000480
 20.5460160  0.0025798 -0.0463644  0.0020661 -0.0000304  0.0004039  0.0001076  0.0002123 -0.0000923
 20.6716797  0.0025918 -0.0467482  0.0020180 -0.0000640 -0.0003530 -0.0001989  0.0000992  0.0000435
 20.7973434  0.0023393 -0.0465526  0.0019448 -0.0001213 -0.0000049  0.0000553  0.0000949 -0.0003114
 20.9230071  0.0026739 -0.0460565  0.0021780  0.0000248 -0.0002272  0.0005503  0.0001015  0.0000426
 21.0486708  0.0024762 -0.0450365  0.0020456 -0.0001496 -0.0003025 -0.0002725 -0.0003627  0.0002945
 21.1743345  0.0022019 -0.0449349  0.0018982  0.0000707 -0.0003374 -0.0004436 -0.0005546 -0.0000322
 21.2999982  0.0023810 -0.0447609  0.0017985  0.0001358 -0.0002641 -0.0009487 -0.0001189 -0.0001853
 21.4256619  0.0024578 -0.0444062  0.0016503  0.0002518 -0.0008098 -0.0006010  0.0004505  0.0000725
 21.5513256  0.0025149 -0.0442536  0.0019663  0.0002988 -0.0010207 -0.0001004  0.0000583  0.0001462
 21.6769893  0.0025589 -0.0443287  0.0017669  0.0000019 -0.0009447 -0.0001681 -0.0001123  0.0004732
 21.8026530  0.0022218 -0.0438741  0.0016046  0.0002087 -0.0003291 -0.0002441 -0.0002109  0.0002814
 21.9283167  0.0020838 -0.0437374  0.0014179  0.0003203  0.0000792 -0.0002944  0.0000186  0.0001275
 22.0539804  0.0019337 -0.0438686  0.0015410  0.0001436 -0.0002432  0.0002122 -0.0000249 -0.0002263
 22.1796441  0.0022115 -0.0435311  0.0018244  0.0001037 -0.0001603  0.0004365 -0.0003494 -0.0004558
 22.3053078  0.0022339 -0.0432147  0.0018730  0.0000681 -0.0001157  0.0007026 -0.0000372 -0.0000208
 22.4309715  0.0018004 -0.0428932  0.0017860  0.0002093  0.0002931  0.0005334  0.0001706  0.0000870
 22.5566353  0.0022652 -0.0425938  0.0017877  0.0001949  0.0000274  0.0002659 -0.0001601  0.0000060
 22.6822990  0.0020265 -0.0423722  0.0019200  0.0001457  0.0005356  0.0004357 -0.0001262 -0.0000998
 22.8079627  0.0021268 -0.0419522  0.0019477  0.0002642  0.0002193  0.0003720 -0.0000841 -0.0000104
 22.9336264  0.0021151 -0.0417121  0.0018786  0.0002943 -0.0000230  0.0001041 -0.0001329 -0.0001713
 23.0592901  0.0020553 -0.0418088  0.0018190  0.0001162  0.0002640 -0.0002051 -0.0000558 -0.0004642
 23.1849538  0.0018343 -0.0417598  0.0015819  0.0000338  0.0001042 -0.0000882  0.0002340 -0.0003580
 23.3106175  0.0021230 -0.0409921  0.0013514  0.0000303 -0.0000116  0.0000003  0.0002676 -0.0000452
 23.4362812  0.0022771 -0.0409918  0.0015791 -0.0002795 -0.0005711 -0.0000634 -0.0000335 -0.0002232
 23.5619449  0.0019228 -0.0409102  0.0014779 -0.0001741 -0.0007755  0.0003836 -0.0002728 -0.0003057
 23.6876086  0.0018402 -0.0407964  0.0014636  0.0002824 -0.0005131  0.0001632  0.0001687 -0.0001941
 23.8132723  0.0019460 -0.0405490  0.0012846  0.0002271 -0.0006853 -0.0002402  0.0001588 -0.0001332
 23.9389360  0.0017991 -0.0399891  0.0015130  0.0001897 -0.0002211 -0.0001289  0.0000343 -0.0002394
 24.0645997  0.0017954 -0.0394614  0.0016786  0.0000478  0.0000804 -0.0003400 -0.0001097 -0.0002786
 24.1902634  0.0017313 -0.0395171  0.0016805  0.0001081 -0.0001429 -0.0002007  0.0000250 -0.0002853
 24.3159271  0.0019901 -0.0393388  0.0014947  0.0000401  0.0000216 -0.0004445  0.0000260  0.0000140
 24.4415908  0.0022527 -0.0394343  0.0015255  0.0002066  0.0000858  0.0000280 -0.0001524  0.0003698
 24.5672546  0.0022428 -0.0393224  0.0017151  0.0002724 -0.0003814  0.0002697 -0.0000575  0.0003809
 24.6929183  0.0019324 -0.0387053  0.0016233  0.0001544 -0.0004349 -0.0003091  0.0001896  0.0000527
 24.8185820  0.0021904 -0.0389423  0.0016130 -0.0000330 -0.0004590 -0.0002227  0.0002304  0.0001100
 24.9442457  0.0022676 -0.0391839  0.0015164  0.0000165  0.0001414  0.0002237  0.0003442 -0.0000728
 25.0699094  0.0020011 -0.0390483  0.0013954  0.0000660  0.0002365  0.0002756  0.0001883 -0.0001320
 25.1955731  0.0013602 -0.0384377  0.0013655  0.0001345 -0.0002439  0.0000286  0.0001512 -0.0000120
 25.3212368  0.0014569 -0.0382695  0.0014148  0.0001679 -0.0002716  0.0000641 -0.0002461  0.0000506
 25.4469005  0.0016774 -0.0381293  0.0014302  0.0002282 -0.0003844  0.0000074 -0.0000061 -0.0001539
 25.5725642  0.0018085 -0.0380599  0.0011721  0.0002308  0.0000668  0.0001072 -0.0002200 -0.0002923
 25.6982279  0.0017253 -0.0375142  0.0013602  0.0001577 -0.0000566  0.0000127 -0.0001105 -0.0003252
 25.8238916  0.0015683 -0.0373422  0.0013695  0.0000353 -0.0000065  0.0002274 -0.0001062 -0.0003357
 25.9495553  0.0015951 -0.0371688  0.0015075  0.0000236 -0.0001172  0.0001895 -0.0001713 -0.0003827
 26.0752190  0.0017208 -0.0373093  0.0013781  0.0001963  0.0002162  0.0004249  0.0004190 -0.0004812
 26.2008827  0.0018301 -0.0369888  0.0013029  0.0002688  0.0000714  0.0001904  0.0002328  0.0002175
 26.3265464  0.0018259 -0.0367399  0.0011851  0.0002528 -0.0004960  0.0000797 -0.0001862  0.0000233
 26.4522101  0.0013910 -0.0362963  0.0013695  0.0001774 -0.0003269  0.0000517  0.0000103 -0.0000038
 26.5778738  0.0012347 -0.0361867  0.0014780  0.0001575 -0.0001089  0.0002619  0.0002477 -0.0000821
 26.7035376  0.0017365 -0.0362066  0.0012839  0.0002822 -0.0002051  0.0006631 -0.0000154 -0.0000205
 26.8292013  0.0019958 -0.0361116  0.0013059  0.0001574  0.0001837  0.0008715 -0.0003588  0.0002029
 26.9548650  0.0016387 -0.0358768  0.0016027  0.0001335  0.0002966  0.0004253 -0.0001715 -0.0000652
 27.0805287  0.0015984 -0.0357182  0.0015215 -0.0000527  0.0001441 -0.0001028 -0.0000450 -0.0000521
 27.2061924  0.0016514 -0.0361265  0.0014107  0.0000354 -0.0004220 -0.0000116  0.0000804 -0.0001877
 27.3318561  0.0018761 -0.0359837  0.0013990  0.0001836 -0.0001182  0.0004111  0.0001552 -0.0001592
 27.4575198  0.0016712 -0.0356610  0.0012991  0.0001536  0.0000583  0.0002394  0.0000683  0.0000838
 27.5831835  0.0015838 -0.0354282  0.0012695  0.0001363 -0.0002438  0.0002714 -0.0001646 -0.0000346
 27.7088472  0.0014935 -0.0349461  0.0014764 -0.0000009 -0.0002830  0.0001578  0.0000844 -0.0000940
 27.8345109  0.0012037 -0.0350634  0.0012586 -0.0000139 -0.0004785  0.0000044  0.0003615 -0.0000022
 27.9601746  0.0011575 -0.0351035  0.0012515  0.0001213 -0.0001321  0.0005633  0.0001347  0.0000382
 28.0858383  0.0012609 -0.0347200  0.0011366  0.0000304  0.0001690  0.0001265 -0.0001714 -0.0001030
 28.2115020  0.0013291 -0.0341967  0.0009343  0.0000712 -0.0001630 -0.0005085 -0.0002914 -0.0000996
 28.3371657  0.0008591 -0.0343750  0.0011378 -0.0000045 -0.0001229 -0.0002771 -0.0000255  0.0001189
 28.4628294  0.0011130 -0.0344000  0.0012769 -0.0000022 -0.0001749  0.0001898 -0.0002106  0.0002796
 28.5884931  0.0012625 -0.0340026  0.0011711 -0.0001502  0.0002936  0.0003311  0.0000583  0.0003608
 28.7141569  0.0014879 -0.0335028  0.0011114 -0.0003055  0.0001736 -0.0000902 -0.0002105  0.0001568
 28.8398206  0.0016145 -0.0337711  0.0011182 -0.0000502  0.0001215  0.0000878 -0.0001244  0.0004131
 28.9654843  0.0011122 -0.0340262  0.0010417  0.0000288 -0.0000547  0.0000524 -0.0001971  0.0002671
 29.0911480  0.0012913 -0.0336778  0.0010219  0.0001564 -0.0003485  0.0000316  0.0001999  0.0001264
 29.2168117  0.0015806 -0.0331354  0.0013015 -0.0000985 -0.0001862 -0.0001155  0.0002168  0.0004169
 29.3424754  0.0015828 -0.0329431  0.0010541 -0.0003007 -0.0002023 -0.0003227 -0.0001596  0.0004604
 29.4681391  0.0010450 -0.0332819  0.0007587 -0.0002566 -0.0000032 -0.0000866 -0.0001604 -0.0002487
 29.5938028  0.0009831 -0.0330921  0.0008130  0.0000568 -0.0002732 -0.0000658  0.0001140 -0.0001134
 29.7194665  0.0009075 -0.0330022  0.0009660  0.0002558 -0.0002947 -0.0002068 -0.0002821  0.0001908
 29.8451302  0.0008922 -0.0323205  0.0009196  0.0001774 -0.0000322 -0.0000348 -0.0005693 -0.0000359
 29.9707939  0.0013277 -0.0321042  0.0008619  0.0000695 -0.0001623  0.0001656 -0.0001778  0.0000843
 30.0964576  0.0012367 -0.0326250  0.0008395 -0.0001186  0.0001534  0.0005612  0.0000208  0.0001626
 30.2221213  0.0013477 -0.0327400  0.0009222 -0.0000196 -0.0001063  0.0000078 -0.0000855  0.0000171
 30.3477850  0.0015282 -0.0324214  0.0008367  0.0000314 -0.0004875  0.0000066 -0.0000714  0.0000283
 30.4734487  0.0010454 -0.0322281  0.0009472  0.0000127 -0.0000140  0.0005708  0.0001851 -0.0001284
 30.5991124  0.0009421 -0.0317040  0.0008159 -0.0001445 -0.0002124  0.0003644 -0.0001965 -0.0000738
 30.7247762  0.0009796 -0.0315768  0.0006540 -0.0000835  0.0000573  0.0003899 -0.0003626 -0.0001951
 30.8504399  0.0007808 -0.0316853  0.0006053  0.0001063  0.0002248  0.0000985 -0.0000876 -0.0003441
 30.9761036  0.0009590 -0.0315020  0.0007579 -0.0001563 -0.0003945  0.0001128  0.0000763 -0.0000776
 31.1017673  0.0006614 -0.0312804  0.0009471 -0.0002628 -0.0003702  0.0004018  0.0000489  0.0004404
 31.2274310  0.0013907 -0.0309814  0.0010566 -0.0000097 -0.0003151  0.0007212  0.0001258  0.0001995
 31.3530947  0.0012088 -0.0309924  0.0008735  0.0002158 -0.0001970  0.0003662  0.0003611  0.0001639
 31.4787584  0.0009772 -0.0312588  0.0009154  0.0002056 -0.0002325  0.0001465  0.0002071 -0.0003664
 31.6044221  0.0012915 -0.0310368  0.0012656  0.0000386 -0.0002595  0.0000588  0.0004208 -0.0000482
 31.7300858  0.0011195 -0.0307099  0.0012497 -0.0000068 -0.0004550  0.0003280  0.0003211 -0.0007458
 31.8557495  0.0010093 -0.0305258  0.0008346  0.0000011 -0.0005575  0.0005867 -0.0001049 -0.0004042
 31.9814132  0.0012251 -0.0305812  0.0008429  0.0001776 -0.0003357  0.0005038  0.0000146 -0.0000151
 32.1070769  0.0011613 -0.0307488  0.0007713  0.0003853  0.0000866 -0.0000665  0.0003865 -0.0001055
 32.2327406  0.0012361 -0.0308378  0.0007354  0.0005001  0.0002537  0.0000930 -0.0001780 -0.0002192
 32.3584043  0.0011974 -0.0304952  0.0008850  0.0001631 -0.0001006  0.0005035 -0.0003108  0.0000359
 32.4840680  0.0008732 -0.0300047  0.0007467 -0.0001887 -0.0005251  0.0005598 -0.0001268  0.0002915
 32.6097317  0.0011111 -0.0301868  0.0007734 -0.0000258 -0.0005040  0.0005891 -0.0001960  0.0001381
 32.7353955  0.0007137 -0.0303439  0.0008140  0.0002677  0.0002819  0.0000227 -0.0001395  0.0001199
 32.8610592  0.0009457 -0.0301636  0.0007710  0.0002086  0.0000193 -0.0006546 -0.0000409  0.0002770
 32.9867229  0.0011764 -0.0302178  0.0008957  0.0001597 -0.0004198  0.0000136 -0.0000053  0.0000667
 33.1123866  0.0010817 -0.0293571  0.0009030  0.0000560 -0.0005138  0.0004868 -0.0000127 -0.0001182
 33.2380503  0.0011954 -0.0287588  0.0006162 -0.0000119 -0.0007352  0.0003253  0.0003376 -0.0001403
 33.3637140  0.0014930 -0.0289506  0.0005233 -0.0000410 -0.0001420 -0.0000549  0.0003381  0.0000862
 33.4893777  0.0014297 -0.0290227  0.0007772 -0.0000532 -0.0001906 -0.0002438  0.0001298 -0.0002435
 33.6150414  0.0010597 -0.0286460  0.0008590  0.0000838 -0.0003664 -0.0001312  0.0002266  0.0000948
 33.7407051  0.0007052 -0.0287035  0.0009465 -0.0000138 -0.0003934  0.0001063 -0.0003372  0.0001148
 33.8663688  0.0005182 -0.0288675  0.0007524  0.0000519  0.0002432  0.0004305  0.0000021  0.0000236
 33.9920325  0.0008424 -0.0286623  0.0005410  0.0002334  0.0004603  0.0001550  0.0000807  0.0005129
 34.1176962  0.0011791 -0.0284160  0.0003115  0.0003942 -0.0000540 -0.0000788 -0.0003062  0.0001507
 34.2433599  0.0009171 -0.0281985  0.0004434  0.0000063 -0.0001630  0.0002142 -0.0001118 -0.0001238
 34.3690236  0.0008041 -0.0282035  0.0007082 -0.0002615 -0.0002974 -0.0000322  0.0000873  0.0001231
 34.4946873  0.0009506 -0.0282300  0.0007960 -0.0003897 -0.0001019  0.0001329  0.0001036  0.0002635
 34.6203510  0.0009059 -0.0284017  0.0007495 -0.0000711  0.0000645  0.0002455  0.0001557  0.0002540
 34.7460147  0.0007999 -0.0281512  0.0006662  0.0002687  0.0000628  0.0003359  0.0003292 -0.0000267
 34.8716785  0.0008943 -0.0275987  0.0010587  0.0004701 -0.0003306  0.0002124 -0.0000156 -0.0001389
 34.9973422  0.0009332 -0.0273069  0.0011574  0.0002891 -0.0003831  0.0004120  0.0002803 -0.0003004
 35.1230059  0.0012502 -0.0271501  0.0009480  0.0000722 -0.0005402 -0.0000239 -0.0001312 -0.0002591
 35.2486696  0.0015022 -0.0280287  0.0007222  0.0001123 -0.0000888  0.0000129 -0.0001518 -0.0002486
 35.3743333  0.0011677 -0.0280913  0.0005994  0.0003295 -0.0001711 -0.0000895 -0.0000273  0.0002124
 35.4999970  0.0006221 -0.0279987  0.0007151  0.0004998  0.0002040  0.0003179  0.0003225 -0.0001184
 35.6256607  0.0011564 -0.0277320  0.0009828  0.0001796 -0.0002482  0.0004242  0.0002023  0.0003020
 35.7513244  0.0015037 -0.0270506  0.0007948 -0.0000358 -0.0004674 -0.0000006 -0.0002049  0.0000636
 35.8769881  0.0015141 -0.0269968  0.0004206 -0.0002525 -0.0004296  0.0001295  0.0000107 -0.0002488
 36.0026518  0.0011753 -0.0273595  0.0006035 -0.0002832 -0.0004004 -0.0002036  0.0002788 -0.0004252
 36.1283155  0.0007252 -0.0273713  0.0007932 -0.0004052  0.0001398 -0.0004050  0.0001148  0.0000948
 36.2539792  0.0009886 -0.0271271  0.0010598 -0.0000514 -0.0003975  0.0001659 -0.0000656 -0.0002028
 36.3796429  0.0011708 -0.0269454  0.0011662  0.0000414 -0.0003429  0.0003115  0.0000942 -0.0000869
 36.5053066  0.0016705 -0.0271289  0.0007673 -0.0000336 -0.0004328  0.0001013 -0.0002954 -0.0000876
 36.6309703  0.0009312 -0.0269635  0.0008570 -0.0000536 -0.0000245  0.0000150 -0.0001209 -0.0001108
 36.7566340  0.0010375 -0.0269349  0.0011075  0.0000082 -0.0002851 -0.0000634  0.0001067  0.0000230
 36.8822978  0.0008908 -0.0269628  0.0007820 -0.0001564 -0.0005387  0.0003998 -0.0001734  0.0001248
 37.0079615  0.0008569 -0.0263778  0.0005095 -0.0000634 -0.0005996  0.0006368 -0.0002041  0.0001363
 37.1336252  0.0013110 -0.0261478  0.0005098 -0.0000274 -0.0001476  0.0001492 -0.0002767  0.0000250
 37.2592889  0.0008529 -0.0265659  0.0004278  0.0000188  0.0003569  0.0002851  0.0000974 -0.0001515
 37.3849526  0.0011046 -0.0262483  0.0006063  0.0001701 -0.0002763  0.0001745  0.0002925 -0.0001840
 37.5106163  0.0013906 -0.0260962  0.0010327  0.0001087 -0.0008466  0.0001160 -0.0000741 -0.0001668
 37.6362800  0.0010519 -0.0259030  0.0007882 -0.0000346 -0.0005216  0.0001449 -0.0000358 -0.0000447
 37.7619437  0.0010844 -0.0257562  0.0005467 -0.0003141  0.0002282  0.0000753 -0.0000885 -0.0000495
 37.8876074  0.0012440 -0.0258945  0.0006395 -0.0003663  0.0001951  0.0000539 -0.0000877 -0.0001213
 38.0132711  0.0014267 -0.0260157  0.0007851 -0.0000697 -0.0002631 -0.0001765  0.0001455 -0.0001505
 38.1389348  0.0006147 -0.0259331  0.0007321 -0.0000026 -0.0004817 -0.0003827 -0.0000834  0.0002242
 38.2645985  0.0002264 -0.0257015  0.0008816 -0.0000668 -0.0001027  0.0001166 -0.0003240  0.0001995
 38.3902622  0.0007644 -0.0253528  0.0007978 -0.0001315 -0.0001148  0.0000793 -0.0003998  0.0001105
 38.5159259  0.0009616 -0.0254747  0.0004129 -0.0000708 -0.0002171  0.0000917 -0.0001452 -0.0002793
 38.6415896  0.0007760 -0.0257750  0.0004544  0.0000390 -0.0003931  0.0002839  0.0001723  0.0004796
 38.7672533  0.0005461 -0.0256231  0.0007084 -0.0000348 -0.0002924  0.0000653 -0.0000170  0.0009320
 38.8929171  0.0006415 -0.0255520  0.0008107 -0.0000944 -0.0003751  0.0000732 -0.0001267  0.0000118
 39.0185808  0.0007428 -0.0253409  0.0004921 -0.0001737 -0.0004877  0.0002912  0.0001425 -0.0000802
 39.1442445  0.0010242 -0.0252487  0.0003935 -0.0001290 -0.0005018  0.0003609  0.0001608  0.0001420
 39.2699082  0.0008450 -0.0251705  0.0005622 -0.0001027 -0.0002356  0.0001149  0.0001192  0.0002541
 39.3955719  0.0005325 -0.0250541  0.0005647 -0.0000564 -0.0005108 -0.0001468  0.0001325  0.0000351
 39.5212356  0.0003164 -0.0243276  0.0004650 -0.0001689 -0.0002239 -0.0001783  0.0001841 -0.0000147
 39.6468993  0.0008761 -0.0245238  0.0005270 -0.0001541 -0.0003358  0.0002947  0.0001681  0.0000699
 39.7725630  0.0007629 -0.0244338  0.0004364  0.0000462  0.0001130  0.0002626  0.0001018 -0.0000564
 39.8982267  0.0005058 -0.0246928  0.0005951  0.0001070  0.0002632 -0.0001724  0.0000054 -0.0001980
 40.0238904  0.0003025 -0.0246594  0.0006512  0.0001812 -0.0001443 -0.0002372 -0.0002355 -0.0002487
