#w_matsubara  G1_Re   G1_Im   G2_Re   G2_Im   G3_Re   G3_Im   G4_Re   G4_Im   
 0.0628319  0.3160187 -0.0569894  0.0263693 -0.2969945 -0.6069746 -0.0025909 -0.4500492 -0.1393010
 0.1884956  0.2863338 -0.1207365  0.0059341 -0.4941522 -0.3110285 -0.0020650 -0.3670241 -0.2221572
 0.3141593  0.2549336 -0.1478623 -0.0030059 -0.4831466 -0.1556423 -0.0007994 -0.3228042 -0.2315040
 0.4398230  0.2274941 -0.1621033 -0.0071894 -0.4454002 -0.0860175  0.0000859 -0.2910157 -0.2305591
 0.5654867  0.2054303 -0.1679585 -0.0079328 -0.4095552 -0.0520220  0.0002643 -0.2662682 -0.2277390
 0.6911504  0.1871280 -0.1694437 -0.0080433 -0.3796449 -0.0328543  0.0000521 -0.2453251 -0.2250836
 0.8168141  0.1711210 -0.1700755 -0.0078659 -0.3543395 -0.0224489 -0.0004908 -0.2266262 -0.2217386
 0.9424778  0.1581415 -0.1693874 -0.0064724 -0.3326635 -0.0160024 -0.0007032 -0.2106141 -0.2182331
 1.0681415  0.1476161 -0.1682445 -0.0056410 -0.3146647 -0.0114100 -0.0002063 -0.1961896 -0.2153244
 1.1938052  0.1371488 -0.1662306 -0.0040505 -0.2984638 -0.0086935 -0.0002422 -0.1828593 -0.2123268
 1.3194689  0.1287257 -0.1643808 -0.0020425 -0.2850990 -0.0064435 -0.0001381 -0.1709930 -0.2087051
 1.4451326  0.1215091 -0.1614581  0.0001233 -0.2725825 -0.0050434 -0.0006131 -0.1604100 -0.2056234
 1.5707963  0.1153311 -0.1596626  0.0014478 -0.2613901 -0.0037944 -0.0004158 -0.1504740 -0.2027676
 1.6964600  0.1095790 -0.1573592  0.0026720 -0.2509412 -0.0032705  0.0002399 -0.1414199 -0.1994011
 1.8221237  0.1041360 -0.1549272  0.0043748 -0.2420135 -0.0024854  0.0004782 -0.1335855 -0.1961459
 1.9477874  0.1003060 -0.1525733  0.0053964 -0.2348442 -0.0026030  0.0002289 -0.1261346 -0.1933131
 2.0734512  0.0957762 -0.1506509  0.0061826 -0.2265029 -0.0021632 -0.0000148 -0.1189392 -0.1905018
 2.1991149  0.0920299 -0.1489146  0.0075116 -0.2196243 -0.0013113  0.0005958 -0.1124127 -0.1874431
 2.3247786  0.0876675 -0.1472014  0.0082937 -0.2138537 -0.0009697 -0.0001519 -0.1065204 -0.1848728
 2.4504423  0.0852546 -0.1450963  0.0089497 -0.2080901 -0.0010385 -0.0000622 -0.1008461 -0.1822972
 2.5761060  0.0821353 -0.1422108  0.0088394 -0.2029569 -0.0004835  0.0002214 -0.0952633 -0.1794060
 2.7017697  0.0797907 -0.1413363  0.0096232 -0.1976808 -0.0003872 -0.0001627 -0.0903834 -0.1766348
 2.8274334  0.0774081 -0.1386901  0.0103498 -0.1923349 -0.0004839 -0.0006418 -0.0851957 -0.1741226
 2.9530971  0.0758960 -0.1369592  0.0109308 -0.1883762  0.0001949 -0.0004667 -0.0807684 -0.1709994
 3.0787608  0.0731073 -0.1356788  0.0115617 -0.1835358 -0.0003590  0.0000266 -0.0772992 -0.1687688
 3.2044245  0.0720621 -0.1340114  0.0129918 -0.1790329 -0.0006606  0.0008185 -0.0732887 -0.1667901
 3.3300882  0.0697286 -0.1326730  0.0133720 -0.1760376 -0.0006642  0.0004609 -0.0696669 -0.1643688
 3.4557519  0.0681818 -0.1317857  0.0131161 -0.1729125 -0.0008901  0.0002608 -0.0666511 -0.1618388
 3.5814156  0.0655132 -0.1300076  0.0126550 -0.1690463 -0.0001388  0.0003046 -0.0635078 -0.1593266
 3.7070793  0.0639643 -0.1301116  0.0129537 -0.1666161 -0.0005063  0.0000535 -0.0607590 -0.1574430
 3.8327430  0.0620849 -0.1281997  0.0134322 -0.1623029  0.0003424  0.0003326 -0.0574643 -0.1554469
 3.9584067  0.0607736 -0.1261699  0.0136748 -0.1596799  0.0004404  0.0005276 -0.0546955 -0.1528541
 4.0840704  0.0591672 -0.1249175  0.0141711 -0.1568670  0.0000041 -0.0000792 -0.0524100 -0.1507220
 4.2097342  0.0584997 -0.1233289  0.0140760 -0.1548595 -0.0004708  0.0002338 -0.0499110 -0.1486851
 4.3353979  0.0569159 -0.1223627  0.0141186 -0.1516346 -0.0000359 -0.0010815 -0.0476562 -0.1461304
 4.4610616  0.0563497 -0.1205867  0.0137424 -0.1490794  0.0004612  0.0001562 -0.0457539 -0.1441715
 4.5867253  0.0538007 -0.1193631  0.0136983 -0.1468650 -0.0003956  0.0002860 -0.0437144 -0.1422628
 4.7123890  0.0519082 -0.1190247  0.0140348 -0.1438263 -0.0002650  0.0000756 -0.0419393 -0.1406122
 4.8380527  0.0510726 -0.1178634  0.0135124 -0.1411114 -0.0000364 -0.0000829 -0.0396772 -0.1390134
 4.9637164  0.0503919 -0.1171630  0.0133308 -0.1400359 -0.0001240  0.0002489 -0.0380257 -0.1367649
 5.0893801  0.0496906 -0.1161093  0.0134867 -0.1388080 -0.0001647 -0.0000745 -0.0366432 -0.1349110
 5.2150438  0.0487352 -0.1143592  0.0137283 -0.1361531 -0.0004780 -0.0003125 -0.0349627 -0.1332351
 5.3407075  0.0473973 -0.1150109  0.0139332 -0.1342363 -0.0001106 -0.0005062 -0.0337727 -0.1313857
 5.4663712  0.0455603 -0.1120981  0.0141057 -0.1317077  0.0005055  0.0003176 -0.0324091 -0.1295565
 5.5920349  0.0446358 -0.1117533  0.0133970 -0.1294846 -0.0002623 -0.0007311 -0.0311390 -0.1277881
 5.7176986  0.0434877 -0.1098093  0.0127451 -0.1275897  0.0002005  0.0006724 -0.0299487 -0.1261029
 5.8433623  0.0419937 -0.1086255  0.0131716 -0.1261792  0.0006449  0.0002253 -0.0292413 -0.1249070
 5.9690260  0.0417028 -0.1077629  0.0131996 -0.1245283 -0.0001344 -0.0000810 -0.0276560 -0.1237023
 6.0946897  0.0410935 -0.1067081  0.0127487 -0.1236070 -0.0002565  0.0005914 -0.0262546 -0.1219329
 6.2203535  0.0396031 -0.1055325  0.0119060 -0.1229527  0.0002058  0.0000236 -0.0252171 -0.1205872
 6.3460172  0.0391143 -0.1044611  0.0125917 -0.1204980  0.0003008  0.0001422 -0.0246817 -0.1188241
 6.4716809  0.0381673 -0.1040745  0.0122395 -0.1193260 -0.0002136 -0.0000953 -0.0242485 -0.1170639
 6.5973446  0.0386055 -0.1028222  0.0120161 -0.1160595 -0.0003855  0.0000300 -0.0234614 -0.1155128
 6.7230083  0.0372479 -0.1016619  0.0125973 -0.1155404 -0.0003796 -0.0003861 -0.0224128 -0.1142201
 6.8486720  0.0363754 -0.1011675  0.0125441 -0.1139351 -0.0006548 -0.0003162 -0.0213542 -0.1130847
 6.9743357  0.0360627 -0.1005854  0.0117763 -0.1120356  0.0000171  0.0000793 -0.0205589 -0.1119793
 7.0999994  0.0348404 -0.0995780  0.0115156 -0.1108253  0.0004586 -0.0005969 -0.0202902 -0.1106414
 7.2256631  0.0344100 -0.0988787  0.0102039 -0.1097853  0.0003378 -0.0008546 -0.0192198 -0.1093467
 7.3513268  0.0333566 -0.0976952  0.0105153 -0.1079909  0.0000808 -0.0006791 -0.0183800 -0.1080272
 7.4769905  0.0336070 -0.0973182  0.0104666 -0.1057038  0.0003605 -0.0003139 -0.0179094 -0.1071150
 7.6026542  0.0332990 -0.0964444  0.0106342 -0.1055722  0.0001159 -0.0001572 -0.0174415 -0.1057573
 7.7283179  0.0315142 -0.0954405  0.0102043 -0.1040716 -0.0001946  0.0001091 -0.0170559 -0.1044978
 7.8539816  0.0310076 -0.0951088  0.0109121 -0.1036509 -0.0005205  0.0003581 -0.0163725 -0.1032345
 7.9796453  0.0296979 -0.0942350  0.0106393 -0.1024516  0.0002859  0.0006344 -0.0157113 -0.1018751
 8.1053090  0.0290130 -0.0931698  0.0108244 -0.1013576  0.0005072  0.0004678 -0.0153908 -0.1009476
 8.2309728  0.0290393 -0.0911190  0.0103352 -0.1008747  0.0001225 -0.0005290 -0.0146057 -0.1004936
 8.3566365  0.0283046 -0.0908350  0.0095252 -0.0993911  0.0003776  0.0003200 -0.0135999 -0.0992317
 8.4823002  0.0278557 -0.0903486  0.0093373 -0.0973572  0.0003981  0.0000651 -0.0132463 -0.0974712
 8.6079639  0.0273796 -0.0903865  0.0093919 -0.0965899 -0.0003595 -0.0000842 -0.0134284 -0.0963612
 8.7336276  0.0268064 -0.0890714  0.0098771 -0.0960996  0.0001959 -0.0004120 -0.0131157 -0.0955889
 8.8592913  0.0255844 -0.0886663  0.0092712 -0.0952104  0.0001252 -0.0001913 -0.0125562 -0.0946427
 8.9849550  0.0253708 -0.0880021  0.0095777 -0.0940945  0.0000873  0.0001287 -0.0122566 -0.0935961
 9.1106187  0.0243659 -0.0869155  0.0093090 -0.0931101 -0.0000164  0.0005735 -0.0117078 -0.0927603
 9.2362824  0.0243085 -0.0846760  0.0093550 -0.0921338  0.0000710 -0.0002863 -0.0117577 -0.0920963
 9.3619461  0.0236062 -0.0839457  0.0089275 -0.0906407 -0.0006192  0.0005367 -0.0112038 -0.0914738
 9.4876098  0.0238405 -0.0831064  0.0086162 -0.0899722 -0.0006239  0.0005647 -0.0103972 -0.0901855
 9.6132735  0.0224951 -0.0834346  0.0081961 -0.0890175 -0.0004177  0.0007974 -0.0103662 -0.0891132
 9.7389372  0.0225281 -0.0825371  0.0083546 -0.0877129  0.0000091  0.0003217 -0.0100360 -0.0883127
 9.8646009  0.0216058 -0.0825601  0.0090590 -0.0872277  0.0002660  0.0004043 -0.0098145 -0.0874271
 9.9902646  0.0220861 -0.0814461  0.0087552 -0.0867863 -0.0000895 -0.0003833 -0.0093472 -0.0867703
 10.1159283  0.0213154 -0.0799956  0.0084233 -0.0853861 -0.0001225 -0.0001838 -0.0088949 -0.0854515
 10.2415921  0.0212943 -0.0792711  0.0080333 -0.0850147  0.0005760 -0.0010568 -0.0093537 -0.0844611
 10.3672558  0.0200172 -0.0785293  0.0080441 -0.0843678 -0.0002897  0.0000671 -0.0089833 -0.0836127
 10.4929195  0.0204892 -0.0777517  0.0080501 -0.0834147 -0.0003591 -0.0008378 -0.0087554 -0.0825759
 10.6185832  0.0196394 -0.0780237  0.0082419 -0.0828440 -0.0006337 -0.0006497 -0.0085617 -0.0823469
 10.7442469  0.0191239 -0.0763357  0.0074885 -0.0820683  0.0002031 -0.0006908 -0.0080976 -0.0815471
 10.8699106  0.0183381 -0.0756003  0.0067351 -0.0809397  0.0004782  0.0000119 -0.0084083 -0.0809032
 10.9955743  0.0186603 -0.0744051  0.0071662 -0.0802400 -0.0000595 -0.0003901 -0.0079389 -0.0802627
 11.1212380  0.0182077 -0.0739535  0.0075441 -0.0793933 -0.0000314  0.0001218 -0.0080684 -0.0793073
 11.2469017  0.0184943 -0.0740804  0.0080055 -0.0788965 -0.0001019 -0.0001203 -0.0075253 -0.0787546
 11.3725654  0.0179754 -0.0737389  0.0075693 -0.0777442 -0.0003364 -0.0000314 -0.0070969 -0.0779370
 11.4982291  0.0178773 -0.0724037  0.0070958 -0.0767689  0.0003043 -0.0006598 -0.0072620 -0.0771594
 11.6238928  0.0180813 -0.0722486  0.0072661 -0.0769563  0.0003274 -0.0003836 -0.0070305 -0.0759916
 11.7495565  0.0178911 -0.0715666  0.0067711 -0.0764478 -0.0002914 -0.0005213 -0.0069217 -0.0749137
 11.8752202  0.0173645 -0.0721412  0.0065267 -0.0752474  0.0005356 -0.0002934 -0.0069543 -0.0742989
 12.0008839  0.0176038 -0.0712279  0.0066283 -0.0751057 -0.0003624 -0.0002759 -0.0070294 -0.0743613
 12.1265476  0.0170716 -0.0708990  0.0065719 -0.0740160 -0.0000992  0.0000520 -0.0064393 -0.0738802
 12.2522113  0.0165987 -0.0701726  0.0063372 -0.0732322  0.0000573  0.0003908 -0.0061825 -0.0731084
 12.3778751  0.0166764 -0.0697706  0.0060020 -0.0726341  0.0007033  0.0001782 -0.0064797 -0.0725947
 12.5035388  0.0159541 -0.0686064  0.0062468 -0.0717998 -0.0001615 -0.0004502 -0.0060416 -0.0718884
 12.6292025  0.0164640 -0.0687829  0.0061060 -0.0715673  0.0003872 -0.0004925 -0.0062761 -0.0713174
 12.7548662  0.0161027 -0.0672301  0.0063620 -0.0710509 -0.0007102 -0.0000524 -0.0062127 -0.0712403
 12.8805299  0.0157978 -0.0675127  0.0054698 -0.0702014  0.0001164 -0.0003314 -0.0058086 -0.0704769
 13.0061936  0.0149524 -0.0671343  0.0050866 -0.0700977 -0.0008857  0.0000854 -0.0060624 -0.0697753
 13.1318573  0.0143058 -0.0662982  0.0049265 -0.0690014 -0.0003352  0.0001615 -0.0060699 -0.0689800
 13.2575210  0.0142448 -0.0658602  0.0057115 -0.0686166 -0.0004659 -0.0001879 -0.0062771 -0.0684646
 13.3831847  0.0142711 -0.0657271  0.0056759 -0.0672851  0.0000757 -0.0007906 -0.0062233 -0.0681656
 13.5088484  0.0139230 -0.0652718  0.0055339 -0.0668414 -0.0004061  0.0001047 -0.0058500 -0.0675011
 13.6345121  0.0135777 -0.0644534  0.0049183 -0.0663680  0.0005522 -0.0000630 -0.0053606 -0.0668756
 13.7601758  0.0142495 -0.0633557  0.0054944 -0.0661027 -0.0002229 -0.0004182 -0.0053344 -0.0657034
 13.8858395  0.0134423 -0.0635711  0.0053004 -0.0662051  0.0001389 -0.0003033 -0.0061436 -0.0656920
 14.0115032  0.0135150 -0.0635363  0.0054024 -0.0655054 -0.0009112 -0.0001769 -0.0058035 -0.0657701
 14.1371669  0.0125549 -0.0632326  0.0049640 -0.0648821 -0.0007997 -0.0010933 -0.0052786 -0.0655076
 14.2628306  0.0130239 -0.0626162  0.0051204 -0.0648981 -0.0003705 -0.0005041 -0.0047791 -0.0652896
 14.3884944  0.0126649 -0.0621451  0.0050100 -0.0645618 -0.0002355 -0.0005015 -0.0040289 -0.0642003
 14.5141581  0.0125478 -0.0611665  0.0050960 -0.0634374  0.0004142 -0.0002256 -0.0042471 -0.0632825
 14.6398218  0.0123496 -0.0609789  0.0050683 -0.0626623  0.0005726 -0.0002266 -0.0047912 -0.0631584
 14.7654855  0.0119676 -0.0595793  0.0048535 -0.0627914 -0.0003660  0.0000625 -0.0044887 -0.0627517
 14.8911492  0.0115451 -0.0603323  0.0054171 -0.0621233  0.0004934 -0.0007826 -0.0041458 -0.0620340
 15.0168129  0.0117979 -0.0594444  0.0049417 -0.0618254  0.0003076 -0.0000903 -0.0042543 -0.0615549
 15.1424766  0.0119868 -0.0599938  0.0041006 -0.0612543  0.0000292  0.0005967 -0.0039805 -0.0613464
 15.2681403  0.0112563 -0.0594904  0.0045485 -0.0609322 -0.0004739  0.0008146 -0.0047102 -0.0608226
 15.3938040  0.0124477 -0.0594601  0.0042830 -0.0609883  0.0003469 -0.0003992 -0.0048556 -0.0606214
 15.5194677  0.0111615 -0.0585418  0.0039154 -0.0598657  0.0001689  0.0000411 -0.0046368 -0.0610535
 15.6451314  0.0106075 -0.0587944  0.0037376 -0.0589562  0.0004786 -0.0002786 -0.0042971 -0.0604144
 15.7707951  0.0099280 -0.0572300  0.0040402 -0.0586296  0.0004303 -0.0003519 -0.0038078 -0.0602373
 15.8964588  0.0103657 -0.0573740  0.0037031 -0.0586394  0.0000880  0.0002467 -0.0031580 -0.0595170
 16.0221225  0.0092693 -0.0562129  0.0041835 -0.0582026  0.0001508  0.0008667 -0.0029082 -0.0587641
 16.1477862  0.0107449 -0.0572898  0.0049059 -0.0575083  0.0000840  0.0002533 -0.0028806 -0.0580965
 16.2734499  0.0092247 -0.0555518  0.0045883 -0.0575961 -0.0005838  0.0000778 -0.0030975 -0.0572145
 16.3991137  0.0101829 -0.0560504  0.0035591 -0.0581065 -0.0002693 -0.0005316 -0.0031097 -0.0568844
 16.5247774  0.0104130 -0.0547138  0.0044964 -0.0572169  0.0004025 -0.0001580 -0.0031274 -0.0566373
 16.6504411  0.0103120 -0.0549511  0.0048729 -0.0561961  0.0002686  0.0000634 -0.0035957 -0.0566130
 16.7761048  0.0093335 -0.0541795  0.0040737 -0.0563164 -0.0005332  0.0000711 -0.0032796 -0.0568195
 16.9017685  0.0103125 -0.0544677  0.0035826 -0.0563516 -0.0001694  0.0005273 -0.0032712 -0.0563054
 17.0274322  0.0094770 -0.0540045  0.0037587 -0.0553374 -0.0000985  0.0003280 -0.0031735 -0.0556858
 17.1530959  0.0096811 -0.0537285  0.0034896 -0.0551684  0.0001632 -0.0003713 -0.0030408 -0.0550880
 17.2787596  0.0093875 -0.0530182  0.0039878 -0.0534430 -0.0003149 -0.0002992 -0.0031238 -0.0543906
 17.4044233  0.0102120 -0.0530546  0.0029661 -0.0542233 -0.0006931 -0.0003149 -0.0030008 -0.0544761
 17.5300870  0.0096735 -0.0528505  0.0035446 -0.0536056 -0.0004856  0.0003157 -0.0030285 -0.0542356
 17.6557507  0.0094413 -0.0527742  0.0042088 -0.0530907  0.0001220  0.0005417 -0.0032195 -0.0542112
 17.7814144  0.0090358 -0.0519459  0.0039282 -0.0529346 -0.0002891  0.0004949 -0.0027892 -0.0542613
 17.9070781  0.0089895 -0.0514216  0.0047883 -0.0527218 -0.0005557  0.0001566 -0.0028707 -0.0536480
 18.0327418  0.0084899 -0.0510804  0.0043618 -0.0522082 -0.0006692 -0.0004944 -0.0026515 -0.0537834
 18.1584055  0.0083754 -0.0513701  0.0038682 -0.0513194 -0.0003752  0.0006339 -0.0017520 -0.0530755
 18.2840692  0.0079512 -0.0507271  0.0031673 -0.0515998 -0.0005089 -0.0002830 -0.0016854 -0.0523787
 18.4097330  0.0077527 -0.0503874  0.0032130 -0.0515238  0.0000645 -0.0006587 -0.0015812 -0.0514821
 18.5353967  0.0077044 -0.0504928  0.0036704 -0.0513108  0.0002765 -0.0005237 -0.0019137 -0.0507627
 18.6610604  0.0080486 -0.0500964  0.0034628 -0.0513766 -0.0000434  0.0000091 -0.0022520 -0.0505903
 18.7867241  0.0078372 -0.0491986  0.0034401 -0.0507719  0.0006172 -0.0001189 -0.0020412 -0.0505002
 18.9123878  0.0078986 -0.0491761  0.0035591 -0.0504719  0.0003171 -0.0005505 -0.0020308 -0.0501951
 19.0380515  0.0081432 -0.0490195  0.0042383 -0.0506290 -0.0002694 -0.0009316 -0.0021793 -0.0497994
 19.1637152  0.0081324 -0.0486240  0.0033088 -0.0498561 -0.0009479  0.0000291 -0.0017666 -0.0495946
 19.2893789  0.0072757 -0.0474718  0.0038508 -0.0487252 -0.0003346  0.0001675 -0.0015440 -0.0491284
 19.4150426  0.0079837 -0.0467657  0.0041150 -0.0488153 -0.0007570  0.0015685 -0.0020710 -0.0486572
 19.5407063  0.0081288 -0.0475387  0.0038434 -0.0489230 -0.0005415 -0.0001010 -0.0026034 -0.0484730
 19.6663700  0.0082453 -0.0476298  0.0033480 -0.0489395 -0.0009016 -0.0004352 -0.0027301 -0.0484551
 19.7920337  0.0077525 -0.0473791  0.0029644 -0.0483573 -0.0002441 -0.0006629 -0.0027446 -0.0484249
 19.9176974  0.0079932 -0.0474884  0.0024144 -0.0474151 -0.0001223 -0.0001688 -0.0022174 -0.0480565
 20.0433611  0.0074352 -0.0472615  0.0025465 -0.0485249 -0.0001632 -0.0005477 -0.0021140 -0.0474856
 20.1690248  0.0076331 -0.0472815  0.0032369 -0.0479749 -0.0003916 -0.0000504 -0.0020006 -0.0475333
 20.2946885  0.0076809 -0.0458926  0.0025361 -0.0468668 -0.0002907  0.0003848 -0.0017904 -0.0473656
 20.4203522  0.0081779 -0.0458750  0.0021971 -0.0467549  0.0001658  0.0009606 -0.0020794 -0.0469145
 20.5460160  0.0070459 -0.0459088  0.0027326 -0.0467576  0.0004868 -0.0001509 -0.0018573 -0.0465085
 20.6716797  0.0071296 -0.0456028  0.0029208 -0.0465482  0.0002494  0.0001297 -0.0015286 -0.0456835
 20.7973434  0.0070822 -0.0458872  0.0024714 -0.0458874  0.0001949  0.0004769 -0.0020021 -0.0456615
 20.9230071  0.0065797 -0.0452319  0.0027484 -0.0465225  0.0004749  0.0006277 -0.0018494 -0.0458027
 21.0486708  0.0068220 -0.0447275  0.0030104 -0.0453237  0.0000902 -0.0003808 -0.0018393 -0.0453926
 21.1743345  0.0069033 -0.0444047  0.0024185 -0.0449424  0.0002316  0.0004407 -0.0018795 -0.0453427
 21.2999982  0.0066790 -0.0444210  0.0023037 -0.0445918 -0.0008397  0.0002663 -0.0014734 -0.0450769
 21.4256619  0.0065374 -0.0442714  0.0025326 -0.0446556 -0.0001563  0.0001656 -0.0018083 -0.0442549
 21.5513256  0.0065841 -0.0439501  0.0028994 -0.0442794  0.0008149 -0.0004211 -0.0020781 -0.0439202
 21.6769893  0.0065415 -0.0436087  0.0023210 -0.0446935  0.0008999  0.0000185 -0.0023949 -0.0436853
 21.8026530  0.0066262 -0.0431983  0.0021358 -0.0442731  0.0003285 -0.0006532 -0.0023730 -0.0437715
 21.9283167  0.0064571 -0.0425471  0.0022963 -0.0440632  0.0002498 -0.0004170 -0.0021718 -0.0435847
 22.0539804  0.0070034 -0.0437266  0.0020482 -0.0437101 -0.0001690 -0.0004087 -0.0020723 -0.0433087
 22.1796441  0.0066764 -0.0435443  0.0028429 -0.0432158 -0.0001068 -0.0006009 -0.0020752 -0.0431247
 22.3053078  0.0061263 -0.0435467  0.0021186 -0.0435934 -0.0000408  0.0005551 -0.0020817 -0.0425117
 22.4309715  0.0063994 -0.0432167  0.0026606 -0.0424633  0.0004814 -0.0002151 -0.0023038 -0.0425545
 22.5566353  0.0054582 -0.0426430  0.0021938 -0.0423287  0.0002356 -0.0005515 -0.0018236 -0.0427892
 22.6822990  0.0063826 -0.0423017  0.0019909 -0.0421460  0.0004915 -0.0010405 -0.0019789 -0.0426062
 22.8079627  0.0064244 -0.0427882  0.0020990 -0.0426414  0.0000146 -0.0003591 -0.0022100 -0.0425366
 22.9336264  0.0063329 -0.0422004  0.0017554 -0.0423014  0.0003105 -0.0001214 -0.0021227 -0.0421690
 23.0592901  0.0057764 -0.0417625  0.0020363 -0.0420675  0.0002452 -0.0001490 -0.0016476 -0.0418839
 23.1849538  0.0059119 -0.0411937  0.0024506 -0.0408504  0.0005287 -0.0003796 -0.0016959 -0.0416817
 23.3106175  0.0051666 -0.0408476  0.0024903 -0.0410445  0.0005557  0.0000584 -0.0013707 -0.0415929
 23.4362812  0.0054846 -0.0402386  0.0019464 -0.0410502  0.0005159 -0.0002458 -0.0015335 -0.0411824
 23.5619449  0.0053149 -0.0401227  0.0021223 -0.0402691 -0.0000064 -0.0006550 -0.0015588 -0.0408403
 23.6876086  0.0057220 -0.0402320  0.0016564 -0.0406766  0.0002017 -0.0003725 -0.0017493 -0.0409317
 23.8132723  0.0053154 -0.0407722  0.0011778 -0.0409604  0.0003079 -0.0001415 -0.0016970 -0.0409303
 23.9389360  0.0061572 -0.0400800  0.0017161 -0.0404052  0.0003850 -0.0002535 -0.0011747 -0.0407064
 24.0645997  0.0060156 -0.0399655  0.0025922 -0.0403483  0.0001717  0.0004986 -0.0006083 -0.0396827
 24.1902634  0.0053523 -0.0393391  0.0018442 -0.0398536 -0.0006108 -0.0002871 -0.0009422 -0.0391634
 24.3159271  0.0049035 -0.0384786  0.0013288 -0.0395711 -0.0001131  0.0006109 -0.0014219 -0.0393295
 24.4415908  0.0054761 -0.0383869  0.0019858 -0.0402958  0.0000577  0.0004483 -0.0012665 -0.0394698
 24.5672546  0.0063105 -0.0390596  0.0018600 -0.0398187  0.0001669 -0.0003100 -0.0014672 -0.0392227
 24.6929183  0.0056502 -0.0388677  0.0019875 -0.0397208  0.0002697 -0.0000265 -0.0014096 -0.0394478
 24.8185820  0.0060807 -0.0387541  0.0022793 -0.0398937  0.0003393 -0.0000422 -0.0013644 -0.0389905
 24.9442457  0.0056107 -0.0380007  0.0019734 -0.0386409 -0.0012379 -0.0003280 -0.0011687 -0.0384978
 25.0699094  0.0051753 -0.0377320  0.0019947 -0.0390823 -0.0013396  0.0005696 -0.0017076 -0.0382768
 25.1955731  0.0048084 -0.0383623  0.0013625 -0.0386486 -0.0004707  0.0005218 -0.0017234 -0.0383391
 25.3212368  0.0047205 -0.0377861  0.0013259 -0.0391696 -0.0006771  0.0006001 -0.0013610 -0.0384601
 25.4469005  0.0044914 -0.0384148  0.0011091 -0.0389634 -0.0002144  0.0010974 -0.0011308 -0.0379660
 25.5725642  0.0047318 -0.0375493  0.0015995 -0.0385203  0.0000485  0.0003408 -0.0005765 -0.0377033
 25.6982279  0.0042657 -0.0387195  0.0012799 -0.0379787 -0.0005692  0.0002525 -0.0004917 -0.0372035
 25.8238916  0.0054625 -0.0372623  0.0006451 -0.0376249  0.0002004  0.0004066 -0.0013339 -0.0372521
 25.9495553  0.0061596 -0.0374439  0.0016142 -0.0367391  0.0000799  0.0001348 -0.0013207 -0.0376275
 26.0752190  0.0060649 -0.0375310  0.0014835 -0.0363469  0.0001881 -0.0003148 -0.0012481 -0.0372113
 26.2008827  0.0053940 -0.0371015  0.0018526 -0.0368597 -0.0000579  0.0002983 -0.0015616 -0.0367784
 26.3265464  0.0054049 -0.0368780  0.0017492 -0.0371053 -0.0002831  0.0004769 -0.0014856 -0.0370623
 26.4522101  0.0055567 -0.0370999  0.0022349 -0.0364114  0.0000656 -0.0000151 -0.0013894 -0.0365111
 26.5778738  0.0049456 -0.0360875  0.0020638 -0.0372845  0.0006812 -0.0004650 -0.0016775 -0.0362457
 26.7035376  0.0055700 -0.0359640  0.0020309 -0.0369384  0.0001186  0.0004178 -0.0015817 -0.0364158
 26.8292013  0.0045499 -0.0356417  0.0019794 -0.0357988 -0.0001074  0.0001802 -0.0012809 -0.0363330
 26.9548650  0.0043546 -0.0358653  0.0024157 -0.0353607 -0.0005723  0.0001293 -0.0015311 -0.0362774
 27.0805287  0.0045039 -0.0349668  0.0019802 -0.0356166  0.0004102 -0.0003264 -0.0010858 -0.0354868
 27.2061924  0.0047106 -0.0354983  0.0013806 -0.0355253  0.0001811 -0.0007372 -0.0014713 -0.0349259
 27.3318561  0.0049488 -0.0354536  0.0013453 -0.0355307  0.0006515 -0.0002356 -0.0012374 -0.0353373
 27.4575198  0.0043974 -0.0355200  0.0011123 -0.0359171 -0.0001641 -0.0000186 -0.0013006 -0.0348192
 27.5831835  0.0041309 -0.0357750  0.0015585 -0.0357115  0.0007738 -0.0002955 -0.0013026 -0.0348567
 27.7088472  0.0050227 -0.0359952  0.0021891 -0.0347194  0.0008428  0.0002525 -0.0010577 -0.0348544
 27.8345109  0.0048419 -0.0355906  0.0015860 -0.0342791  0.0005945  0.0003702 -0.0013032 -0.0347875
 27.9601746  0.0048335 -0.0355713  0.0012813 -0.0346578 -0.0005523  0.0005058 -0.0011129 -0.0353655
 28.0858383  0.0045314 -0.0356448  0.0015960 -0.0359047 -0.0001867  0.0009359 -0.0011932 -0.0347353
 28.2115020  0.0040809 -0.0350677  0.0016131 -0.0350310  0.0002444  0.0012055 -0.0015830 -0.0348238
 28.3371657  0.0041976 -0.0353392  0.0013522 -0.0345885  0.0005058  0.0005312 -0.0013523 -0.0344953
 28.4628294  0.0034384 -0.0353899  0.0010265 -0.0342025 -0.0000201  0.0003725 -0.0014468 -0.0342030
 28.5884931  0.0043454 -0.0349443  0.0014861 -0.0345465 -0.0002488 -0.0000919 -0.0009945 -0.0341934
 28.7141569  0.0039146 -0.0347559  0.0008504 -0.0337079 -0.0001103  0.0002278 -0.0012779 -0.0336469
 28.8398206  0.0043868 -0.0342760  0.0011635 -0.0334614 -0.0001182 -0.0002176 -0.0017442 -0.0339815
 28.9654843  0.0046482 -0.0337724  0.0016232 -0.0338767 -0.0007355 -0.0004788 -0.0010839 -0.0340631
 29.0911480  0.0054290 -0.0346936  0.0020325 -0.0332102 -0.0011164 -0.0010942 -0.0011931 -0.0334713
 29.2168117  0.0043452 -0.0337794  0.0009243 -0.0339105 -0.0006074 -0.0001960 -0.0011433 -0.0332000
 29.3424754  0.0035982 -0.0338385  0.0009472 -0.0335438 -0.0000343 -0.0009108 -0.0013038 -0.0327578
 29.4681391  0.0028797 -0.0335655  0.0016855 -0.0331981  0.0002755 -0.0002082 -0.0013590 -0.0329418
 29.5938028  0.0027943 -0.0332251  0.0010200 -0.0335675 -0.0000837 -0.0002550 -0.0010009 -0.0333465
 29.7194665  0.0033307 -0.0334607  0.0009581 -0.0334120 -0.0000062 -0.0001333 -0.0011796 -0.0335497
 29.8451302  0.0037825 -0.0328300  0.0019963 -0.0329101  0.0004311 -0.0002523 -0.0010135 -0.0332253
 29.9707939  0.0031342 -0.0323908  0.0014587 -0.0319597  0.0008899 -0.0002077 -0.0005285 -0.0328470
 30.0964576  0.0040440 -0.0327807  0.0010076 -0.0322974  0.0000195 -0.0001556 -0.0006929 -0.0326060
 30.2221213  0.0035752 -0.0325248  0.0007112 -0.0328767 -0.0000558  0.0002275 -0.0002903 -0.0319613
 30.3477850  0.0037295 -0.0330817  0.0011841 -0.0321876 -0.0002177  0.0000225 -0.0008973 -0.0314511
 30.4734487  0.0040338 -0.0329163  0.0013309 -0.0323508  0.0006432 -0.0002904 -0.0009563 -0.0311938
 30.5991124  0.0034167 -0.0328432  0.0011538 -0.0319969 -0.0002422 -0.0002380 -0.0016875 -0.0314358
 30.7247762  0.0034489 -0.0324041  0.0016558 -0.0319161  0.0002252  0.0000147 -0.0016792 -0.0319399
 30.8504399  0.0033580 -0.0324592  0.0008863 -0.0314495 -0.0001741 -0.0001296 -0.0014398 -0.0321333
 30.9761036  0.0034177 -0.0328866  0.0008589 -0.0317632 -0.0001513  0.0007856 -0.0010980 -0.0322205
 31.1017673  0.0029142 -0.0321553  0.0014076 -0.0320656 -0.0001795  0.0003159 -0.0004857 -0.0320680
 31.2274310  0.0035753 -0.0322175  0.0015457 -0.0317831  0.0002965  0.0000168 -0.0008904 -0.0313171
 31.3530947  0.0029084 -0.0318541  0.0017966 -0.0311284  0.0001571 -0.0001999 -0.0010471 -0.0313091
 31.4787584  0.0028954 -0.0313322  0.0016447 -0.0301175  0.0002644 -0.0007882 -0.0009129 -0.0311371
 31.6044221  0.0033377 -0.0308761  0.0014799 -0.0310092  0.0007615 -0.0011560 -0.0009417 -0.0313725
 31.7300858  0.0027600 -0.0312496  0.0017885 -0.0314427  0.0008296 -0.0004563 -0.0012766 -0.0310744
 31.8557495  0.0028811 -0.0307524  0.0010536 -0.0313836  0.0005542  0.0004265 -0.0012615 -0.0310526
 31.9814132  0.0027789 -0.0304384  0.0007495 -0.0310392  0.0001638  0.0004424 -0.0010373 -0.0309856
 32.1070769  0.0026302 -0.0310439  0.0014373 -0.0306501 -0.0001704  0.0003841 -0.0007007 -0.0304924
 32.2327406  0.0029492 -0.0314505  0.0014600 -0.0303479  0.0005092 -0.0003325 -0.0008869 -0.0305513
 32.3584043  0.0027111 -0.0322911  0.0006732 -0.0301856  0.0002789 -0.0000824 -0.0004925 -0.0305841
 32.4840680  0.0025770 -0.0314302  0.0010034 -0.0298203  0.0006995  0.0000860 -0.0005006 -0.0303813
 32.6097317  0.0016144 -0.0299191  0.0002813 -0.0295823  0.0004510  0.0006955 -0.0007455 -0.0303241
 32.7353955  0.0013948 -0.0302684  0.0008662 -0.0294360  0.0002572  0.0004847 -0.0006369 -0.0303640
 32.8610592  0.0029189 -0.0291907  0.0010623 -0.0298422 -0.0009422 -0.0000728 -0.0005715 -0.0303995
 32.9867229  0.0031059 -0.0288749  0.0010649 -0.0296521 -0.0000060 -0.0005854 -0.0005544 -0.0298475
 33.1123866  0.0032232 -0.0288328  0.0006455 -0.0292293 -0.0003518 -0.0010032 -0.0003763 -0.0292690
 33.2380503  0.0026316 -0.0295189  0.0003265 -0.0286662  0.0002130 -0.0001666 -0.0009013 -0.0291403
 33.3637140  0.0021187 -0.0301550  0.0007924 -0.0293150  0.0005285 -0.0002628 -0.0009975 -0.0292720
 33.4893777  0.0027347 -0.0300211  0.0012858 -0.0291572  0.0004790 -0.0005065 -0.0009488 -0.0292921
 33.6150414  0.0026861 -0.0299789  0.0009954 -0.0283529 -0.0002478 -0.0005299 -0.0010282 -0.0292622
 33.7407051  0.0015317 -0.0297675  0.0005529 -0.0284717  0.0002836 -0.0000074 -0.0005069 -0.0296081
 33.8663688  0.0019696 -0.0295477  0.0003976 -0.0288291 -0.0004219  0.0004793 -0.0003894 -0.0288438
 33.9920325  0.0023421 -0.0292971  0.0022714 -0.0290181  0.0002398 -0.0004265 -0.0009036 -0.0284357
 34.1176962  0.0024057 -0.0287915  0.0013188 -0.0282363  0.0001074  0.0001649 -0.0006505 -0.0289155
 34.2433599  0.0028923 -0.0291054  0.0002569 -0.0275657 -0.0000359 -0.0000555 -0.0005340 -0.0283826
 34.3690236  0.0022895 -0.0286992  0.0010376 -0.0282302 -0.0007816  0.0007141 -0.0004345 -0.0282000
 34.4946873  0.0017043 -0.0283365  0.0013191 -0.0287792  0.0001181 -0.0001497 -0.0001294 -0.0279576
 34.6203510  0.0020019 -0.0282951  0.0008946 -0.0280615 -0.0001952  0.0003091 -0.0008270 -0.0278088
 34.7460147  0.0018121 -0.0294679  0.0014339 -0.0279305 -0.0000094  0.0001354 -0.0007982 -0.0280242
 34.8716785  0.0022234 -0.0279420  0.0017047 -0.0276291  0.0000794 -0.0002521 -0.0011143 -0.0274422
 34.9973422  0.0021072 -0.0285246  0.0020023 -0.0279083 -0.0002572 -0.0010618 -0.0012089 -0.0275884
 35.1230059  0.0031406 -0.0278441  0.0017265 -0.0277360 -0.0006646 -0.0009264 -0.0010027 -0.0275378
 35.2486696  0.0024209 -0.0286294  0.0015137 -0.0276767  0.0001311 -0.0005199 -0.0011261 -0.0274689
 35.3743333  0.0029009 -0.0278849  0.0018981 -0.0274168  0.0001511  0.0000224 -0.0013712 -0.0278712
 35.4999970  0.0023156 -0.0278305  0.0015296 -0.0278207  0.0000219  0.0005031 -0.0013834 -0.0277158
 35.6256607  0.0026356 -0.0270751  0.0020483 -0.0268027 -0.0004011  0.0007921 -0.0012822 -0.0279628
 35.7513244  0.0018544 -0.0276216  0.0012370 -0.0268139 -0.0003929 -0.0001469 -0.0008721 -0.0280399
 35.8769881  0.0024957 -0.0264672  0.0017631 -0.0266868 -0.0003833  0.0002939 -0.0006846 -0.0276601
 36.0026518  0.0014796 -0.0271655  0.0015324 -0.0268105 -0.0001949 -0.0011599 -0.0006026 -0.0270507
 36.1283155  0.0021075 -0.0267454 -0.0002063 -0.0266096  0.0001655  0.0004315 -0.0007066 -0.0271945
 36.2539792  0.0024218 -0.0276741  0.0007156 -0.0275435 -0.0002086 -0.0001189 -0.0007021 -0.0272747
 36.3796429  0.0018721 -0.0262108  0.0006815 -0.0274744  0.0002801 -0.0002490 -0.0006462 -0.0273984
 36.5053066  0.0020130 -0.0266666  0.0010921 -0.0266670  0.0005427 -0.0001809 -0.0004999 -0.0271920
 36.6309703  0.0025088 -0.0258367  0.0008634 -0.0268706 -0.0000252 -0.0001269 -0.0005458 -0.0267876
 36.7566340  0.0020376 -0.0268860  0.0003802 -0.0265941 -0.0006123  0.0001640 -0.0011093 -0.0267738
 36.8822978  0.0023627 -0.0267528  0.0005135 -0.0273002 -0.0002424  0.0001800 -0.0007530 -0.0271465
 37.0079615  0.0020230 -0.0269448  0.0002568 -0.0280048  0.0001129 -0.0004633 -0.0009068 -0.0269696
 37.1336252  0.0017439 -0.0274193  0.0007435 -0.0270057 -0.0001399 -0.0003522 -0.0004987 -0.0271512
 37.2592889  0.0020944 -0.0268678  0.0012541 -0.0263644  0.0001729  0.0001231 -0.0002971 -0.0267119
 37.3849526  0.0016111 -0.0270390  0.0011804 -0.0256120  0.0005256 -0.0002844  0.0000604 -0.0263688
 37.5106163  0.0023026 -0.0275158  0.0010251 -0.0253571  0.0000408  0.0005233 -0.0003537 -0.0259992
 37.6362800  0.0021184 -0.0264033  0.0011852 -0.0258443  0.0002648  0.0004899 -0.0006370 -0.0256660
 37.7619437  0.0018752 -0.0266415  0.0003629 -0.0265480  0.0009038 -0.0001503 -0.0011365 -0.0257990
 37.8876074  0.0014587 -0.0262933  0.0009264 -0.0258477  0.0002512 -0.0007499 -0.0006896 -0.0260438
 38.0132711  0.0019512 -0.0255810  0.0015515 -0.0257404  0.0001668  0.0006596 -0.0006290 -0.0259656
 38.1389348  0.0016305 -0.0248689  0.0003094 -0.0257131 -0.0003040  0.0010131 -0.0005419 -0.0261625
 38.2645985  0.0019556 -0.0251596  0.0008262 -0.0251637 -0.0012096  0.0001354 -0.0006740 -0.0262990
 38.3902622  0.0013483 -0.0251178  0.0001356 -0.0255512 -0.0005900 -0.0001794 -0.0006874 -0.0257538
 38.5159259  0.0020788 -0.0259332  0.0002191 -0.0256443 -0.0004223  0.0004886 -0.0009330 -0.0262057
 38.6415896  0.0016516 -0.0260806  0.0000776 -0.0261633 -0.0000094  0.0004486 -0.0003590 -0.0259222
 38.7672533  0.0013187 -0.0256665  0.0015058 -0.0254823 -0.0004599  0.0004026 -0.0003516 -0.0261056
 38.8929171  0.0017587 -0.0262123  0.0006463 -0.0252409 -0.0001943  0.0001832 -0.0002148 -0.0258597
 39.0185808  0.0015116 -0.0256277  0.0008797 -0.0252876  0.0004181  0.0003702 -0.0001241 -0.0256374
 39.1442445  0.0016396 -0.0251414  0.0001741 -0.0251786 -0.0000329  0.0004765 -0.0006472 -0.0254514
 39.2699082  0.0021861 -0.0251839  0.0006104 -0.0256204 -0.0000224  0.0005136 -0.0007614 -0.0258013
 39.3955719  0.0023395 -0.0250615  0.0007472 -0.0251820  0.0000658 -0.0000796 -0.0002258 -0.0260676
 39.5212356  0.0023259 -0.0252980  0.0012503 -0.0247915 -0.0002331 -0.0002313  0.0005564 -0.0256818
 39.6468993  0.0019530 -0.0242091  0.0012514 -0.0245040 -0.0007252 -0.0003941  0.0002999 -0.0248048
 39.7725630  0.0017652 -0.0245405  0.0009931 -0.0251677 -0.0008341 -0.0004368 -0.0004293 -0.0249817
 39.8982267  0.0027144 -0.0252426  0.0012695 -0.0253003 -0.0004942 -0.0003343 -0.0005354 -0.0245719
 40.0238904  0.0010932 -0.0255226  0.0007684 -0.0252707 -0.0004088  0.0000092 -0.0010465 -0.0244787
