#w_matsubara  G1_Re   G1_Im   G2_Re   G2_Im   G3_Re   G3_Im   G4_Re   G4_Im   
 0.0628319  0.3152916 -0.0553650  0.0235025 -0.2937753 -0.6058914  0.0010692 -0.4518508 -0.1384642
 0.1884956  0.2856038 -0.1188002  0.0053825 -0.4930513 -0.3138775 -0.0005210 -0.3682290 -0.2213709
 0.3141593  0.2538679 -0.1462954 -0.0022592 -0.4841357 -0.1582377  0.0004626 -0.3237470 -0.2309165
 0.4398230  0.2278182 -0.1594996 -0.0060851 -0.4450537 -0.0869056  0.0006172 -0.2921665 -0.2304855
 0.5654867  0.2057235 -0.1663429 -0.0079463 -0.4092626 -0.0510982  0.0004705 -0.2662403 -0.2278091
 0.6911504  0.1866387 -0.1690723 -0.0081809 -0.3786244 -0.0332558 -0.0010503 -0.2452922 -0.2241891
 0.8168141  0.1708064 -0.1699819 -0.0076413 -0.3535887 -0.0231987  0.0000639 -0.2269686 -0.2213824
 0.9424778  0.1573603 -0.1697043 -0.0063026 -0.3326209 -0.0164845  0.0002282 -0.2110834 -0.2188945
 1.0681415  0.1456846 -0.1682952 -0.0051524 -0.3143912 -0.0124385  0.0003837 -0.1964983 -0.2150867
 1.1938052  0.1362500 -0.1660616 -0.0040113 -0.2985447 -0.0084678  0.0002328 -0.1832082 -0.2119389
 1.3194689  0.1284848 -0.1639833 -0.0019831 -0.2836879 -0.0064022 -0.0005083 -0.1718367 -0.2080457
 1.4451326  0.1209829 -0.1616018 -0.0004633 -0.2714188 -0.0049988  0.0002083 -0.1613550 -0.2048552
 1.5707963  0.1144772 -0.1587630  0.0013489 -0.2608014 -0.0038617 -0.0000932 -0.1517428 -0.2020359
 1.6964600  0.1091880 -0.1567175  0.0028797 -0.2515390 -0.0032103  0.0002104 -0.1429061 -0.1995201
 1.8221237  0.1040961 -0.1547870  0.0035692 -0.2422721 -0.0031396 -0.0002454 -0.1340689 -0.1970059
 1.9477874  0.0994905 -0.1524790  0.0051083 -0.2345591 -0.0019845  0.0002232 -0.1258576 -0.1943133
 2.0734512  0.0956988 -0.1501834  0.0059951 -0.2270318 -0.0012554 -0.0001372 -0.1193643 -0.1911020
 2.1991149  0.0920606 -0.1479639  0.0066232 -0.2204785 -0.0013647 -0.0002910 -0.1127191 -0.1882121
 2.3247786  0.0886353 -0.1459622  0.0079814 -0.2130919 -0.0016199 -0.0006499 -0.1066547 -0.1851743
 2.4504423  0.0857067 -0.1438780  0.0091443 -0.2078497 -0.0009835 -0.0003935 -0.1005188 -0.1828440
 2.5761060  0.0834652 -0.1419789  0.0093928 -0.2021488 -0.0009373 -0.0001966 -0.0957544 -0.1798494
 2.7017697  0.0808959 -0.1407277  0.0109505 -0.1965251 -0.0006252  0.0000730 -0.0904216 -0.1771675
 2.8274334  0.0779347 -0.1391318  0.0110672 -0.1912674  0.0000826  0.0000493 -0.0857380 -0.1744977
 2.9530971  0.0758809 -0.1377775  0.0114387 -0.1869037  0.0003543 -0.0002498 -0.0812229 -0.1714893
 3.0787608  0.0737010 -0.1363924  0.0117314 -0.1833941  0.0003166 -0.0002875 -0.0775388 -0.1691608
 3.2044245  0.0719523 -0.1348935  0.0117287 -0.1796744 -0.0005117  0.0003084 -0.0738272 -0.1663046
 3.3300882  0.0699657 -0.1334252  0.0128938 -0.1757396 -0.0002487  0.0001732 -0.0699806 -0.1641093
 3.4557519  0.0672520 -0.1319105  0.0135052 -0.1728082 -0.0006032  0.0000050 -0.0670279 -0.1615182
 3.5814156  0.0648037 -0.1301894  0.0138128 -0.1686649 -0.0007935  0.0002382 -0.0628214 -0.1595319
 3.7070793  0.0629446 -0.1290077  0.0132617 -0.1658560  0.0001193  0.0001382 -0.0605098 -0.1567373
 3.8327430  0.0616896 -0.1279493  0.0134563 -0.1625502 -0.0002484 -0.0004918 -0.0573479 -0.1557733
 3.9584067  0.0600864 -0.1260838  0.0141575 -0.1597218 -0.0007090 -0.0001316 -0.0553222 -0.1529291
 4.0840704  0.0587536 -0.1243821  0.0132674 -0.1566973 -0.0002615 -0.0004112 -0.0525124 -0.1507732
 4.2097342  0.0576128 -0.1228065  0.0131569 -0.1538304 -0.0004912  0.0004065 -0.0505728 -0.1486836
 4.3353979  0.0562108 -0.1217792  0.0139528 -0.1513333 -0.0002633 -0.0002778 -0.0479416 -0.1462701
 4.4610616  0.0545485 -0.1205415  0.0148087 -0.1493539 -0.0006478  0.0001911 -0.0468088 -0.1442711
 4.5867253  0.0533991 -0.1191877  0.0154664 -0.1462919 -0.0003901  0.0001788 -0.0442741 -0.1430643
 4.7123890  0.0524345 -0.1180132  0.0142291 -0.1441397 -0.0006673  0.0002129 -0.0424057 -0.1411842
 4.8380527  0.0514871 -0.1169248  0.0144245 -0.1419337 -0.0002041 -0.0000561 -0.0404183 -0.1388030
 4.9637164  0.0505998 -0.1157269  0.0142776 -0.1400037 -0.0009081  0.0005879 -0.0389609 -0.1369560
 5.0893801  0.0495200 -0.1151149  0.0134586 -0.1372274 -0.0003645  0.0010791 -0.0374308 -0.1345984
 5.2150438  0.0481230 -0.1137502  0.0122417 -0.1358351 -0.0003583  0.0002558 -0.0358829 -0.1336506
 5.3407075  0.0476097 -0.1127621  0.0131130 -0.1340414 -0.0002656  0.0001292 -0.0345487 -0.1319766
 5.4663712  0.0465694 -0.1120606  0.0130447 -0.1322317 -0.0002590 -0.0006839 -0.0322067 -0.1303654
 5.5920349  0.0450547 -0.1108998  0.0134628 -0.1301204 -0.0008152 -0.0005488 -0.0313430 -0.1282834
 5.7176986  0.0438831 -0.1097704  0.0133231 -0.1287954 -0.0004141 -0.0000209 -0.0304792 -0.1262640
 5.8433623  0.0431781 -0.1086532  0.0128580 -0.1269435 -0.0003632 -0.0004192 -0.0296315 -0.1253905
 5.9690260  0.0421371 -0.1077718  0.0129545 -0.1250680 -0.0004561  0.0006465 -0.0282003 -0.1234723
 6.0946897  0.0412108 -0.1064795  0.0123858 -0.1233160 -0.0000086 -0.0001236 -0.0272066 -0.1224103
 6.2203535  0.0404871 -0.1047033  0.0124304 -0.1212797  0.0002409 -0.0006755 -0.0256878 -0.1198278
 6.3460172  0.0400146 -0.1037405  0.0117318 -0.1194038 -0.0006004 -0.0000358 -0.0251808 -0.1190511
 6.4716809  0.0385594 -0.1034596  0.0114247 -0.1179794 -0.0005386  0.0007532 -0.0240150 -0.1169297
 6.5973446  0.0379790 -0.1025869  0.0112814 -0.1161628 -0.0002094  0.0002119 -0.0234176 -0.1155971
 6.7230083  0.0371607 -0.1017572  0.0115002 -0.1150922  0.0009578 -0.0005653 -0.0230943 -0.1136160
 6.8486720  0.0362285 -0.1008114  0.0114744 -0.1137519  0.0004350 -0.0005075 -0.0224979 -0.1136028
 6.9743357  0.0356347 -0.1001985  0.0122165 -0.1119379 -0.0001082  0.0002640 -0.0220936 -0.1117489
 7.0999994  0.0348124 -0.0986580  0.0114708 -0.1104511  0.0000718  0.0002845 -0.0208371 -0.1107149
 7.2256631  0.0341069 -0.0978468  0.0112570 -0.1087961 -0.0000430 -0.0006463 -0.0202670 -0.1100961
 7.3513268  0.0331550 -0.0975368  0.0112593 -0.1082792  0.0002609  0.0004576 -0.0187842 -0.1087564
 7.4769905  0.0329291 -0.0968224  0.0109936 -0.1071731  0.0003779  0.0000035 -0.0183601 -0.1076282
 7.6026542  0.0320688 -0.0955814  0.0108530 -0.1060744  0.0004421  0.0001393 -0.0173224 -0.1065427
 7.7283179  0.0309081 -0.0944859  0.0105642 -0.1044812  0.0000153  0.0006000 -0.0160199 -0.1048086
 7.8539816  0.0303826 -0.0933375  0.0099087 -0.1030517 -0.0002081  0.0002118 -0.0161738 -0.1028176
 7.9796453  0.0302888 -0.0932305  0.0098821 -0.1019128 -0.0001748 -0.0005706 -0.0156956 -0.1015731
 8.1053090  0.0293948 -0.0927269  0.0103774 -0.1007527 -0.0001094 -0.0002027 -0.0159610 -0.1009263
 8.2309728  0.0295527 -0.0914782  0.0099263 -0.1003279 -0.0006899 -0.0006094 -0.0156992 -0.1001491
 8.3566365  0.0288639 -0.0903339  0.0094341 -0.0992017  0.0000668 -0.0000111 -0.0155333 -0.0988823
 8.4823002  0.0281958 -0.0889375  0.0098553 -0.0981735 -0.0002658 -0.0001247 -0.0145071 -0.0983708
 8.6079639  0.0275854 -0.0887926  0.0102853 -0.0960001 -0.0001069 -0.0001691 -0.0143090 -0.0979485
 8.7336276  0.0266883 -0.0884135  0.0100709 -0.0948438 -0.0004750  0.0006657 -0.0134723 -0.0964709
 8.8592913  0.0263764 -0.0875752  0.0097323 -0.0955335 -0.0001732 -0.0005388 -0.0131348 -0.0957083
 8.9849550  0.0257180 -0.0871098  0.0094437 -0.0942060 -0.0005425 -0.0003611 -0.0119511 -0.0944916
 9.1106187  0.0250597 -0.0863612  0.0093155 -0.0934400 -0.0000801 -0.0004606 -0.0117970 -0.0934950
 9.2362824  0.0248445 -0.0848164  0.0082500 -0.0917257 -0.0003656  0.0003023 -0.0115709 -0.0926566
 9.3619461  0.0246031 -0.0844227  0.0086355 -0.0906115 -0.0002554 -0.0006605 -0.0116571 -0.0917240
 9.4876098  0.0234900 -0.0839436  0.0082533 -0.0905321  0.0001040 -0.0012948 -0.0108673 -0.0899031
 9.6132735  0.0234095 -0.0828469  0.0081485 -0.0891263 -0.0001313 -0.0004745 -0.0110194 -0.0888635
 9.7389372  0.0234633 -0.0822579  0.0082774 -0.0878495  0.0003865 -0.0000079 -0.0104474 -0.0877895
 9.8646009  0.0233400 -0.0813648  0.0084036 -0.0871662 -0.0001217 -0.0007295 -0.0103467 -0.0880430
 9.9902646  0.0229102 -0.0805958  0.0083869 -0.0867598 -0.0010560  0.0008921 -0.0098441 -0.0867137
 10.1159283  0.0221418 -0.0803144  0.0088074 -0.0859483 -0.0001062  0.0000060 -0.0096730 -0.0858027
 10.2415921  0.0214104 -0.0799342  0.0082486 -0.0847032  0.0006418 -0.0004799 -0.0096302 -0.0845720
 10.3672558  0.0212446 -0.0792706  0.0079641 -0.0836768 -0.0000920 -0.0002272 -0.0091154 -0.0847863
 10.4929195  0.0213819 -0.0779738  0.0074692 -0.0824935 -0.0007154 -0.0002737 -0.0090709 -0.0837614
 10.6185832  0.0213335 -0.0778175  0.0071167 -0.0822414 -0.0001023  0.0003930 -0.0088337 -0.0824687
 10.7442469  0.0201842 -0.0777272  0.0071902 -0.0817505  0.0002003  0.0002402 -0.0089296 -0.0818011
 10.8699106  0.0192470 -0.0769718  0.0072010 -0.0805665  0.0004223 -0.0005783 -0.0085681 -0.0814516
 10.9955743  0.0191180 -0.0759117  0.0066795 -0.0797175 -0.0001566 -0.0002152 -0.0090438 -0.0807393
 11.1212380  0.0188110 -0.0753099  0.0073663 -0.0782445  0.0002717 -0.0005677 -0.0085273 -0.0803035
 11.2469017  0.0186825 -0.0748705  0.0076494 -0.0781181 -0.0003128 -0.0000313 -0.0081229 -0.0798008
 11.3725654  0.0188557 -0.0740669  0.0073360 -0.0774372  0.0002699  0.0001895 -0.0072936 -0.0789534
 11.4982291  0.0187440 -0.0734796  0.0075307 -0.0775107 -0.0000934 -0.0000144 -0.0071930 -0.0781594
 11.6238928  0.0182377 -0.0732435  0.0070317 -0.0774778  0.0002392 -0.0001567 -0.0078216 -0.0777032
 11.7495565  0.0170396 -0.0726431  0.0066966 -0.0761353  0.0007915 -0.0002156 -0.0068018 -0.0768805
 11.8752202  0.0163576 -0.0714731  0.0072960 -0.0749716  0.0001708  0.0002473 -0.0068767 -0.0765039
 12.0008839  0.0164410 -0.0709833  0.0066473 -0.0743076 -0.0007366  0.0005577 -0.0058008 -0.0754897
 12.1265476  0.0161264 -0.0699910  0.0067894 -0.0745571  0.0006072 -0.0001668 -0.0053693 -0.0746882
 12.2522113  0.0166612 -0.0690791  0.0058643 -0.0734947 -0.0003470  0.0003379 -0.0058671 -0.0729904
 12.3778751  0.0163885 -0.0686226  0.0056603 -0.0729569  0.0009903 -0.0000469 -0.0062157 -0.0724251
 12.5035388  0.0157103 -0.0683524  0.0054575 -0.0718845  0.0000373 -0.0001219 -0.0064007 -0.0725707
 12.6292025  0.0154868 -0.0677759  0.0049911 -0.0708542 -0.0000497  0.0004973 -0.0056097 -0.0719423
 12.7548662  0.0154933 -0.0675455  0.0049518 -0.0703028 -0.0006791  0.0005056 -0.0051694 -0.0714123
 12.8805299  0.0154247 -0.0672668  0.0056704 -0.0698389  0.0002363  0.0007381 -0.0054895 -0.0703830
 13.0061936  0.0147637 -0.0673845  0.0057593 -0.0696878 -0.0002144  0.0000010 -0.0051735 -0.0702022
 13.1318573  0.0139122 -0.0674742  0.0054307 -0.0694072 -0.0004469  0.0004181 -0.0050400 -0.0692447
 13.2575210  0.0137153 -0.0665852  0.0052403 -0.0689948 -0.0003638  0.0005620 -0.0046529 -0.0687978
 13.3831847  0.0142424 -0.0652514  0.0051530 -0.0687308 -0.0008318 -0.0000279 -0.0045718 -0.0678990
 13.5088484  0.0142203 -0.0646958  0.0060414 -0.0678778 -0.0001609  0.0003670 -0.0054275 -0.0674748
 13.6345121  0.0141060 -0.0644489  0.0062843 -0.0671169 -0.0002454  0.0000917 -0.0054589 -0.0667641
 13.7601758  0.0142799 -0.0640264  0.0058060 -0.0665717  0.0004762 -0.0000056 -0.0050738 -0.0668589
 13.8858395  0.0140197 -0.0638538  0.0054817 -0.0663905 -0.0000826  0.0001546 -0.0044552 -0.0663676
 14.0115032  0.0137794 -0.0636965  0.0048616 -0.0653432 -0.0001392 -0.0000683 -0.0048203 -0.0654775
 14.1371669  0.0136152 -0.0630519  0.0047138 -0.0644267 -0.0002725  0.0003572 -0.0043309 -0.0649438
 14.2628306  0.0134053 -0.0616611  0.0050856 -0.0644397  0.0004857  0.0000397 -0.0047766 -0.0648337
 14.3884944  0.0132135 -0.0614412  0.0046039 -0.0643125  0.0003267 -0.0002251 -0.0042426 -0.0639084
 14.5141581  0.0127167 -0.0615566  0.0050934 -0.0636764  0.0004287  0.0004787 -0.0045424 -0.0635092
 14.6398218  0.0118874 -0.0611419  0.0050173 -0.0640469  0.0005737 -0.0002622 -0.0035750 -0.0628222
 14.7654855  0.0121398 -0.0600884  0.0048311 -0.0628877  0.0003731  0.0003566 -0.0044514 -0.0628698
 14.8911492  0.0121991 -0.0604512  0.0052099 -0.0621759 -0.0000752 -0.0006799 -0.0038478 -0.0621526
 15.0168129  0.0119835 -0.0601516  0.0049316 -0.0622424 -0.0001848 -0.0002353 -0.0041785 -0.0624953
 15.1424766  0.0119499 -0.0596080  0.0055910 -0.0620850  0.0001365  0.0000311 -0.0037767 -0.0616585
 15.2681403  0.0112993 -0.0591507  0.0045121 -0.0614443 -0.0005485 -0.0005233 -0.0043755 -0.0615019
 15.3938040  0.0108639 -0.0593969  0.0051035 -0.0599774  0.0001300 -0.0006510 -0.0044393 -0.0603825
 15.5194677  0.0101791 -0.0588325  0.0053123 -0.0595802 -0.0004007 -0.0001930 -0.0039811 -0.0604854
 15.6451314  0.0108271 -0.0579068  0.0043827 -0.0595436 -0.0004873  0.0003685 -0.0039545 -0.0596514
 15.7707951  0.0108780 -0.0576205  0.0047743 -0.0590040 -0.0005283 -0.0006225 -0.0038037 -0.0593452
 15.8964588  0.0103377 -0.0566779  0.0040008 -0.0585414 -0.0000067  0.0007635 -0.0036443 -0.0587034
 16.0221225  0.0101246 -0.0561491  0.0035621 -0.0582535  0.0001094  0.0005968 -0.0034147 -0.0583754
 16.1477862  0.0098845 -0.0555560  0.0038723 -0.0581011  0.0004162 -0.0000085 -0.0036147 -0.0584254
 16.2734499  0.0103244 -0.0552196  0.0035256 -0.0577717 -0.0009206 -0.0001333 -0.0034307 -0.0582882
 16.3991137  0.0107896 -0.0551433  0.0039421 -0.0571637 -0.0004152  0.0001649 -0.0029939 -0.0579046
 16.5247774  0.0105276 -0.0551573  0.0041828 -0.0572488  0.0001541  0.0002881 -0.0036963 -0.0574999
 16.6504411  0.0098760 -0.0543149  0.0039250 -0.0560004  0.0002462  0.0001114 -0.0029375 -0.0568057
 16.7761048  0.0093002 -0.0540430  0.0044398 -0.0564246 -0.0007125  0.0004845 -0.0032511 -0.0565910
 16.9017685  0.0089007 -0.0540594  0.0043050 -0.0560584 -0.0003715  0.0004007 -0.0025636 -0.0563198
 17.0274322  0.0092770 -0.0534577  0.0042107 -0.0546021 -0.0000656 -0.0000049 -0.0027319 -0.0561377
 17.1530959  0.0091448 -0.0526974  0.0035757 -0.0551407 -0.0005535 -0.0000930 -0.0021262 -0.0546725
 17.2787596  0.0092457 -0.0524278  0.0038377 -0.0542766 -0.0001658 -0.0001950 -0.0027171 -0.0546794
 17.4044233  0.0091057 -0.0530949  0.0040548 -0.0539932 -0.0000401  0.0000306 -0.0023360 -0.0541707
 17.5300870  0.0085579 -0.0529703  0.0038588 -0.0544141  0.0004211  0.0003319 -0.0024132 -0.0541843
 17.6557507  0.0086370 -0.0516429  0.0035733 -0.0536078  0.0004127 -0.0004324 -0.0024860 -0.0531244
 17.7814144  0.0086905 -0.0512790  0.0033145 -0.0534585 -0.0005127 -0.0003580 -0.0020886 -0.0532317
 17.9070781  0.0084752 -0.0513584  0.0035234 -0.0526749 -0.0003703  0.0008679 -0.0022226 -0.0524977
 18.0327418  0.0082012 -0.0508396  0.0030004 -0.0519933  0.0004760  0.0008317 -0.0029329 -0.0525030
 18.1584055  0.0084794 -0.0502434  0.0033144 -0.0519656  0.0000720  0.0001126 -0.0021217 -0.0523204
 18.2840692  0.0085051 -0.0498983  0.0031553 -0.0523914 -0.0002739  0.0003552 -0.0029456 -0.0519059
 18.4097330  0.0080604 -0.0496376  0.0027590 -0.0507942 -0.0001620 -0.0006310 -0.0020913 -0.0515335
 18.5353967  0.0076752 -0.0492522  0.0026300 -0.0514402 -0.0001726 -0.0000536 -0.0024168 -0.0516961
 18.6610604  0.0078191 -0.0492061  0.0028565 -0.0517462 -0.0000395 -0.0005993 -0.0021318 -0.0506798
 18.7867241  0.0080179 -0.0494625  0.0032133 -0.0518819 -0.0000301 -0.0004731 -0.0024878 -0.0508267
 18.9123878  0.0076407 -0.0487661  0.0040720 -0.0505262  0.0005944 -0.0003341 -0.0026778 -0.0504741
 19.0380515  0.0077609 -0.0480707  0.0043068 -0.0503177  0.0000041 -0.0001795 -0.0024154 -0.0497917
 19.1637152  0.0079427 -0.0480971  0.0039022 -0.0502817  0.0003888  0.0005586 -0.0026364 -0.0496621
 19.2893789  0.0077525 -0.0484261  0.0030515 -0.0494815  0.0004241  0.0007620 -0.0019145 -0.0497464
 19.4150426  0.0076113 -0.0478675  0.0036201 -0.0495622 -0.0001289  0.0007489 -0.0019258 -0.0491605
 19.5407063  0.0079184 -0.0475761  0.0032673 -0.0491475 -0.0013033  0.0009034 -0.0027197 -0.0489774
 19.6663700  0.0074899 -0.0481824  0.0029043 -0.0483032 -0.0007694 -0.0000895 -0.0019548 -0.0490545
 19.7920337  0.0070759 -0.0480058  0.0030822 -0.0485957  0.0003068  0.0009832 -0.0020773 -0.0485968
 19.9176974  0.0078365 -0.0472723  0.0034241 -0.0486000 -0.0000099  0.0001097 -0.0026365 -0.0482786
 20.0433611  0.0074880 -0.0464424  0.0036689 -0.0482125  0.0002228  0.0001082 -0.0019562 -0.0478646
 20.1690248  0.0066537 -0.0458972  0.0032350 -0.0470493  0.0012226  0.0001885 -0.0023600 -0.0475928
 20.2946885  0.0060155 -0.0461340  0.0029985 -0.0473828  0.0008080  0.0001556 -0.0021629 -0.0470135
 20.4203522  0.0058204 -0.0461909  0.0026201 -0.0477018  0.0005078 -0.0007251 -0.0015251 -0.0479050
 20.5460160  0.0060327 -0.0455624  0.0029383 -0.0472508 -0.0000338 -0.0001458 -0.0020023 -0.0467175
 20.6716797  0.0063804 -0.0453776  0.0035928 -0.0472309  0.0000536 -0.0008343 -0.0018868 -0.0468243
 20.7973434  0.0067546 -0.0446027  0.0034966 -0.0460214 -0.0003474 -0.0005409 -0.0019842 -0.0456389
 20.9230071  0.0067013 -0.0441281  0.0023907 -0.0462237 -0.0001513 -0.0000640 -0.0021403 -0.0458329
 21.0486708  0.0065381 -0.0440989  0.0021198 -0.0456174 -0.0003630  0.0001799 -0.0022710 -0.0451594
 21.1743345  0.0069473 -0.0442099  0.0022584 -0.0455533 -0.0000432  0.0004221 -0.0015765 -0.0450698
 21.2999982  0.0072175 -0.0441094  0.0022097 -0.0456938  0.0002523 -0.0002672 -0.0023102 -0.0448096
 21.4256619  0.0065732 -0.0441199  0.0027493 -0.0450120 -0.0002030 -0.0000318 -0.0019485 -0.0445054
 21.5513256  0.0064419 -0.0438053  0.0027245 -0.0446195  0.0000151 -0.0001484 -0.0018471 -0.0440637
 21.6769893  0.0065487 -0.0436615  0.0023900 -0.0443366 -0.0007116  0.0004769 -0.0021278 -0.0438197
 21.8026530  0.0060328 -0.0431122  0.0020381 -0.0445078 -0.0006427  0.0004707 -0.0019905 -0.0437281
 21.9283167  0.0055246 -0.0421989  0.0020794 -0.0439819 -0.0006644  0.0008091 -0.0022605 -0.0436205
 22.0539804  0.0060430 -0.0415360  0.0025001 -0.0429383  0.0003072 -0.0005845 -0.0019715 -0.0432562
 22.1796441  0.0066967 -0.0412454  0.0022673 -0.0437921  0.0004742 -0.0005188 -0.0024459 -0.0432624
 22.3053078  0.0063233 -0.0411680  0.0020062 -0.0432440  0.0001400 -0.0003958 -0.0013964 -0.0430623
 22.4309715  0.0059448 -0.0414074  0.0029458 -0.0431738 -0.0001250 -0.0008432 -0.0023784 -0.0425694
 22.5566353  0.0064380 -0.0419017  0.0023393 -0.0427954 -0.0002269  0.0001118 -0.0018213 -0.0424893
 22.6822990  0.0064307 -0.0416033  0.0020651 -0.0419486 -0.0002349 -0.0000619 -0.0025539 -0.0427436
 22.8079627  0.0068735 -0.0412922  0.0024363 -0.0425588  0.0000135 -0.0003170 -0.0020114 -0.0423348
 22.9336264  0.0066687 -0.0413373  0.0024323 -0.0421813 -0.0006133 -0.0004713 -0.0019922 -0.0427586
 23.0592901  0.0062438 -0.0406846  0.0028666 -0.0417595 -0.0004140 -0.0010652 -0.0017106 -0.0417535
 23.1849538  0.0059961 -0.0405024  0.0022259 -0.0413774 -0.0007668 -0.0001713 -0.0018298 -0.0417587
 23.3106175  0.0057516 -0.0402707  0.0021374 -0.0411089 -0.0002993 -0.0000364 -0.0019507 -0.0418688
 23.4362812  0.0060481 -0.0402027  0.0022377 -0.0411258 -0.0000619  0.0000705 -0.0016351 -0.0412563
 23.5619449  0.0062414 -0.0401081  0.0025549 -0.0409546 -0.0002070 -0.0004392 -0.0018905 -0.0415972
 23.6876086  0.0060019 -0.0401977  0.0014272 -0.0409221 -0.0001484 -0.0000719 -0.0020255 -0.0407473
 23.8132723  0.0053991 -0.0401667  0.0010451 -0.0407649 -0.0002075  0.0004396 -0.0020753 -0.0413720
 23.9389360  0.0052928 -0.0396873  0.0019464 -0.0403845 -0.0004147  0.0001137 -0.0017758 -0.0406791
 24.0645997  0.0058357 -0.0395505  0.0023216 -0.0395333  0.0003294  0.0004691 -0.0014759 -0.0410648
 24.1902634  0.0060273 -0.0400844  0.0023257 -0.0395508  0.0002508  0.0005486 -0.0020441 -0.0408849
 24.3159271  0.0055488 -0.0399011  0.0023047 -0.0394256  0.0010121  0.0000769 -0.0011272 -0.0405778
 24.4415908  0.0054866 -0.0393561  0.0017405 -0.0393070  0.0009152 -0.0010344 -0.0009415 -0.0402673
 24.5672546  0.0054297 -0.0393059  0.0028988 -0.0395479 -0.0009332 -0.0001562 -0.0012430 -0.0395135
 24.6929183  0.0053897 -0.0393545  0.0027450 -0.0388311 -0.0003176 -0.0001413 -0.0009134 -0.0389673
 24.8185820  0.0054124 -0.0394060  0.0022795 -0.0390385  0.0010489  0.0000878 -0.0012120 -0.0387159
 24.9442457  0.0056727 -0.0390377  0.0022626 -0.0390815  0.0008860 -0.0006222 -0.0008267 -0.0385727
 25.0699094  0.0058299 -0.0389992  0.0027446 -0.0384567  0.0003480 -0.0000065 -0.0013428 -0.0388860
 25.1955731  0.0050791 -0.0387821  0.0023488 -0.0384545  0.0015977 -0.0000864 -0.0015596 -0.0385293
 25.3212368  0.0050019 -0.0384467  0.0016118 -0.0374111  0.0008774  0.0007378 -0.0014389 -0.0392254
 25.4469005  0.0046311 -0.0380402  0.0019010 -0.0377158  0.0003195 -0.0000394 -0.0008837 -0.0381856
 25.5725642  0.0045466 -0.0372549  0.0015728 -0.0377461 -0.0001065 -0.0003848 -0.0012419 -0.0383992
 25.6982279  0.0050992 -0.0362865  0.0019228 -0.0369075  0.0008825  0.0007320 -0.0014608 -0.0380112
 25.8238916  0.0063584 -0.0356753  0.0023088 -0.0374554 -0.0003029  0.0003378 -0.0013517 -0.0381153
 25.9495553  0.0060365 -0.0363732  0.0016481 -0.0375290 -0.0001445  0.0000641 -0.0013420 -0.0375912
 26.0752190  0.0047797 -0.0375194  0.0015833 -0.0362421 -0.0002221  0.0000301 -0.0006961 -0.0367032
 26.2008827  0.0043228 -0.0379364  0.0005620 -0.0363608 -0.0010367 -0.0000640 -0.0013730 -0.0367880
 26.3265464  0.0048592 -0.0373802  0.0016922 -0.0360233 -0.0008504  0.0000368 -0.0011816 -0.0367215
 26.4522101  0.0050106 -0.0368523  0.0020701 -0.0362755 -0.0003800  0.0005089 -0.0009344 -0.0370285
 26.5778738  0.0045712 -0.0362354  0.0017493 -0.0360671  0.0002029  0.0000196 -0.0013286 -0.0363700
 26.7035376  0.0042723 -0.0356660  0.0025130 -0.0370148  0.0000266  0.0005532 -0.0012514 -0.0365008
 26.8292013  0.0040906 -0.0355977  0.0018783 -0.0362806  0.0001850  0.0002531 -0.0015253 -0.0365047
 26.9548650  0.0038091 -0.0353244  0.0021442 -0.0361124 -0.0003572 -0.0001609 -0.0007558 -0.0360450
 27.0805287  0.0041744 -0.0350168  0.0022214 -0.0357461  0.0001685  0.0010607 -0.0017058 -0.0357450
 27.2061924  0.0044621 -0.0347129  0.0018494 -0.0355026 -0.0003131 -0.0001105 -0.0011593 -0.0353878
 27.3318561  0.0047199 -0.0351305  0.0017153 -0.0355111 -0.0001254  0.0004973 -0.0011626 -0.0355759
 27.4575198  0.0046199 -0.0361249  0.0018709 -0.0351466 -0.0002530  0.0001016 -0.0004606 -0.0349369
 27.5831835  0.0043969 -0.0356607  0.0017157 -0.0350788 -0.0002850  0.0000472 -0.0021092 -0.0350657
 27.7088472  0.0045348 -0.0355501  0.0017617 -0.0349465 -0.0008320 -0.0006995 -0.0017273 -0.0351180
 27.8345109  0.0042561 -0.0353854  0.0019699 -0.0348223  0.0000921 -0.0005227 -0.0019044 -0.0357135
 27.9601746  0.0042267 -0.0351346  0.0013177 -0.0343918  0.0003358 -0.0000498 -0.0008346 -0.0354160
 28.0858383  0.0036697 -0.0353200  0.0016557 -0.0338226  0.0007195 -0.0000701 -0.0009575 -0.0354716
 28.2115020  0.0036564 -0.0349501  0.0013418 -0.0348328  0.0000864 -0.0003111 -0.0000935 -0.0348559
 28.3371657  0.0044147 -0.0342015  0.0012472 -0.0338982  0.0005120  0.0002460 -0.0007374 -0.0350314
 28.4628294  0.0049745 -0.0342738  0.0017659 -0.0338304 -0.0000999 -0.0001086 -0.0006666 -0.0337217
 28.5884931  0.0039274 -0.0343570  0.0011108 -0.0338088 -0.0001329 -0.0004191 -0.0009291 -0.0343696
 28.7141569  0.0038829 -0.0341709  0.0008789 -0.0344430 -0.0000788 -0.0001609 -0.0010926 -0.0339982
 28.8398206  0.0035108 -0.0338661  0.0012652 -0.0351129 -0.0003787 -0.0004001 -0.0007094 -0.0343434
 28.9654843  0.0033156 -0.0330441  0.0009886 -0.0341644 -0.0002011  0.0000049 -0.0010081 -0.0334774
 29.0911480  0.0032487 -0.0332304  0.0014568 -0.0341646 -0.0003625 -0.0003224 -0.0011491 -0.0331156
 29.2168117  0.0033002 -0.0333609  0.0016349 -0.0338348  0.0000148 -0.0003575 -0.0013867 -0.0336047
 29.3424754  0.0034054 -0.0331758  0.0012615 -0.0339343  0.0005830  0.0004263 -0.0015377 -0.0341379
 29.4681391  0.0033867 -0.0329446  0.0012931 -0.0339386  0.0003114  0.0002964 -0.0010290 -0.0336566
 29.5938028  0.0034037 -0.0325970  0.0004826 -0.0332627 -0.0003611 -0.0000113 -0.0005844 -0.0338483
 29.7194665  0.0037820 -0.0322082  0.0014375 -0.0326111 -0.0003543  0.0004092 -0.0007093 -0.0325112
 29.8451302  0.0037133 -0.0325384  0.0009860 -0.0332799 -0.0003865 -0.0000361 -0.0006047 -0.0323983
 29.9707939  0.0034710 -0.0325113  0.0016752 -0.0324540 -0.0000251 -0.0007319 -0.0004858 -0.0328932
 30.0964576  0.0036258 -0.0323639  0.0018667 -0.0326114 -0.0003072 -0.0005679 -0.0000047 -0.0324583
 30.2221213  0.0034439 -0.0317810  0.0015725 -0.0325419 -0.0006989  0.0001270 -0.0002101 -0.0324926
 30.3477850  0.0033570 -0.0311876  0.0022838 -0.0329639 -0.0005050 -0.0000729 -0.0000801 -0.0315384
 30.4734487  0.0031675 -0.0309982  0.0013861 -0.0323407  0.0001246 -0.0000808 -0.0003494 -0.0323394
 30.5991124  0.0029561 -0.0313852  0.0007906 -0.0318410 -0.0005781  0.0005566 -0.0008896 -0.0318932
 30.7247762  0.0029128 -0.0317536  0.0007623 -0.0320202  0.0002162 -0.0001034 -0.0005327 -0.0322822
 30.8504399  0.0025825 -0.0317644  0.0007296 -0.0316688  0.0000360  0.0001559 -0.0007938 -0.0316278
 30.9761036  0.0030096 -0.0317325  0.0004407 -0.0315250 -0.0007517  0.0001090 -0.0005426 -0.0311043
 31.1017673  0.0033305 -0.0324244  0.0011668 -0.0310863 -0.0004302 -0.0001489 -0.0012405 -0.0306599
 31.2274310  0.0030732 -0.0321193  0.0005319 -0.0314808 -0.0001087 -0.0002627 -0.0010623 -0.0305636
 31.3530947  0.0028339 -0.0308977  0.0010006 -0.0314914 -0.0005796 -0.0003582 -0.0017754 -0.0303034
 31.4787584  0.0026991 -0.0303306  0.0010705 -0.0306726  0.0001426 -0.0001789 -0.0014123 -0.0297069
 31.6044221  0.0032266 -0.0309857  0.0005918 -0.0307658 -0.0001738 -0.0005960 -0.0016387 -0.0302299
 31.7300858  0.0034396 -0.0310865  0.0011700 -0.0303971 -0.0006084 -0.0002656 -0.0016188 -0.0302046
 31.8557495  0.0037010 -0.0303450  0.0015938 -0.0304982 -0.0002463  0.0001157 -0.0018032 -0.0306564
 31.9814132  0.0030587 -0.0301877  0.0008026 -0.0304559 -0.0007889  0.0007384 -0.0018722 -0.0306356
 32.1070769  0.0030211 -0.0301470  0.0011696 -0.0302875 -0.0003266  0.0007550 -0.0009493 -0.0308042
 32.2327406  0.0031525 -0.0304192  0.0008290 -0.0304878 -0.0000872  0.0007807 -0.0014692 -0.0307329
 32.3584043  0.0032911 -0.0303272  0.0004250 -0.0302591  0.0004889  0.0004915 -0.0012281 -0.0305643
 32.4840680  0.0037551 -0.0303649  0.0003952 -0.0304950 -0.0001016  0.0006433 -0.0016206 -0.0303166
 32.6097317  0.0036281 -0.0302328  0.0003773 -0.0298631 -0.0000243 -0.0003055 -0.0009078 -0.0302812
 32.7353955  0.0032819 -0.0307392  0.0017600 -0.0298495 -0.0010401 -0.0011324 -0.0014670 -0.0307219
 32.8610592  0.0028066 -0.0305567  0.0020123 -0.0295579 -0.0007510  0.0000438 -0.0006484 -0.0301523
 32.9867229  0.0030068 -0.0303707  0.0021404 -0.0294211 -0.0008576  0.0001565 -0.0009326 -0.0304386
 33.1123866  0.0029025 -0.0305814  0.0017199 -0.0299096 -0.0003780  0.0003165 -0.0011140 -0.0302373
 33.2380503  0.0028461 -0.0301380  0.0004654 -0.0305875  0.0003941  0.0003317 -0.0005784 -0.0306934
 33.3637140  0.0029468 -0.0295182  0.0009491 -0.0304725  0.0003403  0.0000221 -0.0006445 -0.0292984
 33.4893777  0.0030020 -0.0290496  0.0008339 -0.0301234 -0.0001217  0.0004252 -0.0009649 -0.0303808
 33.6150414  0.0026653 -0.0294157  0.0010880 -0.0298484  0.0000353 -0.0000008 -0.0008534 -0.0305263
 33.7407051  0.0028170 -0.0292438  0.0009963 -0.0292317  0.0000610 -0.0004487 -0.0004286 -0.0303455
 33.8663688  0.0025697 -0.0291260  0.0011706 -0.0288875 -0.0001721  0.0003011 -0.0003381 -0.0293421
 33.9920325  0.0024824 -0.0288001  0.0012729 -0.0296383 -0.0001950 -0.0000944 -0.0001899 -0.0289138
 34.1176962  0.0031071 -0.0285733  0.0009028 -0.0279741  0.0003268  0.0001032 -0.0009770 -0.0282705
 34.2433599  0.0029285 -0.0287421  0.0011276 -0.0277394  0.0003580 -0.0002798 -0.0005903 -0.0287190
 34.3690236  0.0023376 -0.0290995  0.0002136 -0.0283269  0.0006159  0.0007093 -0.0002541 -0.0285750
 34.4946873  0.0020441 -0.0296621  0.0006275 -0.0279345  0.0002038  0.0003381 -0.0006015 -0.0285237
 34.6203510  0.0022298 -0.0288855  0.0001829 -0.0281266  0.0004037 -0.0001757 -0.0008029 -0.0290613
 34.7460147  0.0028282 -0.0275354  0.0001743 -0.0280967  0.0004688  0.0002604 -0.0013892 -0.0294245
 34.8716785  0.0024944 -0.0275276  0.0006697 -0.0274790  0.0004173  0.0003279 -0.0005864 -0.0288822
 34.9973422  0.0022418 -0.0275229  0.0004795 -0.0277529 -0.0000230  0.0000205 -0.0007093 -0.0289786
 35.1230059  0.0027294 -0.0277604  0.0012538 -0.0282424  0.0002748  0.0008016 -0.0000445 -0.0282862
 35.2486696  0.0028021 -0.0282682  0.0010317 -0.0286855  0.0006829  0.0003737 -0.0000126 -0.0285155
 35.3743333  0.0024636 -0.0279624  0.0010426 -0.0279477  0.0003217  0.0002833 -0.0000496 -0.0277404
 35.4999970  0.0027787 -0.0278958  0.0011854 -0.0283003  0.0001493  0.0001833 -0.0006894 -0.0281078
 35.6256607  0.0029630 -0.0279613  0.0012030 -0.0284665 -0.0001663  0.0006094 -0.0008947 -0.0273046
 35.7513244  0.0025900 -0.0277695  0.0010426 -0.0274921 -0.0000149  0.0003088 -0.0012145 -0.0279089
 35.8769881  0.0022293 -0.0277847  0.0010466 -0.0269938  0.0004042 -0.0006681 -0.0004356 -0.0277186
 36.0026518  0.0025952 -0.0275479  0.0011672 -0.0268702 -0.0000480  0.0000375 -0.0008992 -0.0274468
 36.1283155  0.0030540 -0.0275298  0.0019244 -0.0272743 -0.0000847  0.0000439  0.0001075 -0.0268605
 36.2539792  0.0023945 -0.0273076  0.0011917 -0.0267182  0.0000864 -0.0000712 -0.0005580 -0.0268133
 36.3796429  0.0026806 -0.0264895  0.0005215 -0.0255737  0.0004046 -0.0007627 -0.0008324 -0.0265175
 36.5053066  0.0031194 -0.0271263  0.0006386 -0.0264066  0.0000553 -0.0001037 -0.0010038 -0.0271816
 36.6309703  0.0030803 -0.0275989  0.0011700 -0.0266265 -0.0000575  0.0001066 -0.0007145 -0.0268336
 36.7566340  0.0023187 -0.0271985  0.0013621 -0.0267275 -0.0001780  0.0005930 -0.0013228 -0.0273594
 36.8822978  0.0025828 -0.0264206  0.0000476 -0.0267703  0.0010381 -0.0001943 -0.0009754 -0.0263999
 37.0079615  0.0027799 -0.0264340 -0.0000066 -0.0261489  0.0003490  0.0004751 -0.0008583 -0.0262922
 37.1336252  0.0029285 -0.0263985  0.0007209 -0.0265869  0.0003866  0.0000294 -0.0010905 -0.0265558
 37.2592889  0.0027658 -0.0267278 -0.0001622 -0.0264125  0.0000413 -0.0004737 -0.0002193 -0.0269956
 37.3849526  0.0027919 -0.0267932  0.0005984 -0.0260785 -0.0010995 -0.0004196 -0.0006844 -0.0271320
 37.5106163  0.0030637 -0.0269139  0.0007527 -0.0261063 -0.0001304  0.0006942  0.0000324 -0.0265011
 37.6362800  0.0027353 -0.0265582  0.0008776 -0.0267005 -0.0001757  0.0003002 -0.0004132 -0.0267133
 37.7619437  0.0028355 -0.0261636  0.0008407 -0.0251030 -0.0000979 -0.0004661 -0.0007143 -0.0260651
 37.8876074  0.0022734 -0.0261375  0.0008036 -0.0256358  0.0004240 -0.0005957 -0.0003515 -0.0260789
 38.0132711  0.0019575 -0.0258645  0.0011205 -0.0265679  0.0011560  0.0000678 -0.0007378 -0.0256771
 38.1389348  0.0017041 -0.0261863  0.0013994 -0.0260588  0.0000020  0.0002727 -0.0008303 -0.0259295
 38.2645985  0.0019909 -0.0260761  0.0006658 -0.0258461 -0.0002670 -0.0003025 -0.0009421 -0.0261936
 38.3902622  0.0028569 -0.0257114  0.0003863 -0.0252351  0.0002507  0.0004224 -0.0002076 -0.0260591
 38.5159259  0.0031152 -0.0254319  0.0007482 -0.0261669  0.0006432 -0.0006078 -0.0009649 -0.0251381
 38.6415896  0.0026200 -0.0261970  0.0005512 -0.0257787  0.0001436 -0.0000689 -0.0008406 -0.0256134
 38.7672533  0.0023497 -0.0265937  0.0016066 -0.0259356 -0.0001035 -0.0002877 -0.0013253 -0.0257598
 38.8929171  0.0018680 -0.0256221  0.0016068 -0.0257743 -0.0001682 -0.0003136 -0.0001651 -0.0260900
 39.0185808  0.0021807 -0.0250969  0.0007387 -0.0250591 -0.0000680  0.0000400 -0.0004642 -0.0256407
 39.1442445  0.0020427 -0.0256405  0.0006212 -0.0251162  0.0002732 -0.0000488 -0.0006514 -0.0250804
 39.2699082  0.0017197 -0.0253652  0.0007324 -0.0247410  0.0006156 -0.0000581 -0.0008163 -0.0254697
 39.3955719  0.0017237 -0.0245596  0.0010331 -0.0239421 -0.0002479 -0.0003763 -0.0006369 -0.0259865
 39.5212356  0.0016098 -0.0246639  0.0014253 -0.0241668 -0.0009669  0.0001646 -0.0003641 -0.0258896
 39.6468993  0.0014559 -0.0248098  0.0005915 -0.0243971 -0.0010447  0.0005601  0.0001345 -0.0256618
 39.7725630  0.0017690 -0.0246538  0.0011747 -0.0242238 -0.0005303  0.0001623 -0.0001909 -0.0250191
 39.8982267  0.0026804 -0.0249117  0.0010496 -0.0249451  0.0001440  0.0000863 -0.0000337 -0.0247493
 40.0238904  0.0029606 -0.0251565  0.0008400 -0.0254112 -0.0002732 -0.0002420  0.0000916 -0.0252245
