#w_matsubara  g11_Re     g11_Im     g12_Re     g12_Im     g13_Re     g13_Im     g12_nambu_Re     g12_nambu_Im     
 0.0628319  5.5782383 -0.2004250 -0.4419169 -0.0313971 -0.3558887  0.0559337  0.3737248 -0.0012051
 0.1884956  5.5912847 -0.5420014 -0.4347230 -0.0889323 -0.3468519  0.1298744  0.3020795 -0.0002302
 0.3141593  5.6070824 -0.7857741 -0.4255420 -0.1333423 -0.3357315  0.1558275  0.2253050  0.0013049
 0.4398230  5.6225307 -0.9674330 -0.4178025 -0.1691062 -0.3219627  0.1576979  0.1678983  0.0006788
 0.5654867  5.6330199 -1.1135547 -0.4141179 -0.1964171 -0.3148378  0.1466404  0.1279398 -0.0005493
 0.6911504  5.6369800 -1.2323402 -0.4144740 -0.2174842 -0.3060088  0.1415674  0.1003906  0.0010404
 0.8168141  5.6357276 -1.3331651 -0.4133165 -0.2393173 -0.2957657  0.1290076  0.0819636  0.0033843
 0.9424778  5.6404434 -1.4254718 -0.4095616 -0.2546988 -0.2870253  0.1199400  0.0645796  0.0018894
 1.0681415  5.6350961 -1.5031134 -0.4079777 -0.2701106 -0.2789374  0.1107117  0.0527621 -0.0017228
 1.1938052  5.6173382 -1.5762892 -0.4108834 -0.2841904 -0.2746584  0.1005007  0.0467311 -0.0011843
 1.3194689  5.6000611 -1.6335126 -0.4086680 -0.2883526 -0.2622861  0.0957563  0.0337340  0.0009369
 1.4451326  5.5883448 -1.6828126 -0.4039601 -0.2918206 -0.2520646  0.0884676  0.0351773  0.0008206
 1.5707963  5.5626372 -1.7356539 -0.4049570 -0.2975936 -0.2407776  0.0847638  0.0299830 -0.0020269
 1.6964600  5.5395297 -1.7759322 -0.4078225 -0.2956092 -0.2308548  0.0831672  0.0233737 -0.0071400
 1.8221237  5.5213284 -1.8028204 -0.4084880 -0.2954843 -0.2237135  0.0777212  0.0134130 -0.0069793
 1.9477874  5.5010126 -1.8259608 -0.4025183 -0.2933140 -0.2096737  0.0711718  0.0171952 -0.0033820
 2.0734512  5.4777927 -1.8556070 -0.3979740 -0.2886090 -0.1988781  0.0746165  0.0155770  0.0011398
 2.1991149  5.4464678 -1.8672694 -0.3980649 -0.2843274 -0.1920749  0.0783515  0.0167952 -0.0025888
 2.3247786  5.4264713 -1.8770350 -0.3897202 -0.2774073 -0.1804102  0.0739087  0.0190807 -0.0026998
 2.4504423  5.3972293 -1.8999687 -0.3844292 -0.2697087 -0.1696403  0.0772971  0.0188389 -0.0058542
 2.5761060  5.3757965 -1.9051574 -0.3871540 -0.2638569 -0.1639978  0.0725189  0.0100142 -0.0049869
 2.7017697  5.3607685 -1.9212322 -0.3854252 -0.2598850 -0.1689817  0.0800062  0.0045931 -0.0058591
 2.8274334  5.3315049 -1.9273818 -0.3739309 -0.2498720 -0.1577436  0.0736653 -0.0007797 -0.0013150
 2.9530971  5.3159837 -1.9375434 -0.3599185 -0.2526627 -0.1445397  0.0638867  0.0034874  0.0043696
 3.0787608  5.2814914 -1.9414234 -0.3600516 -0.2515932 -0.1347206  0.0534195  0.0015130  0.0067439
 3.2044245  5.2589924 -1.9309063 -0.3594747 -0.2378721 -0.1353100  0.0595810  0.0049659  0.0019561
 3.3300882  5.2307813 -1.9184805 -0.3549127 -0.2201070 -0.1272159  0.0559869  0.0073531 -0.0005176
 3.4557519  5.2248609 -1.9285057 -0.3433355 -0.2266208 -0.1147909  0.0468934 -0.0001548 -0.0002117
 3.5814156  5.2030233 -1.9322040 -0.3378115 -0.2299858 -0.1009276  0.0339659 -0.0000795  0.0083346
 3.7070793  5.1630190 -1.9069370 -0.3406388 -0.2133880 -0.0999059  0.0239836  0.0101611  0.0088107
 3.8327430  5.1522488 -1.8881881 -0.3356116 -0.1992572 -0.1068988  0.0361000  0.0080488 -0.0033129
 3.9584067  5.1392275 -1.8908734 -0.3311107 -0.1961454 -0.0933137  0.0409361 -0.0068512  0.0043087
 4.0840704  5.0928837 -1.8924745 -0.3304288 -0.1954163 -0.0825380  0.0396706 -0.0035740  0.0102412
 4.2097342  5.0715103 -1.8756026 -0.3122048 -0.1874651 -0.0757110  0.0385286 -0.0012274 -0.0036231
 4.3353979  5.0741799 -1.8571102 -0.3034494 -0.1732086 -0.0713735  0.0332109 -0.0012103  0.0004241
 4.4610616  5.0579908 -1.8510332 -0.2986874 -0.1728026 -0.0686435  0.0306622  0.0093219 -0.0015014
 4.5867253  5.0345125 -1.8423685 -0.2899522 -0.1692446 -0.0660197  0.0360998  0.0055348  0.0048987
 4.7123890  5.0129062 -1.8214971 -0.2827083 -0.1514317 -0.0702167  0.0453555  0.0043986  0.0057313
 4.8380527  5.0328807 -1.8258925 -0.2821142 -0.1505368 -0.0705240  0.0572574  0.0105196  0.0059801
 4.9637164  4.9616083 -1.8006667 -0.2664490 -0.1536639 -0.0261218  0.0522701  0.0011798 -0.0004344
 5.0893801  4.9593083 -1.8032696 -0.2751811 -0.1510708 -0.0505620  0.0508239  0.0041569  0.0140936
 5.2150438  4.9601488 -1.8007911 -0.2673080 -0.1466466 -0.0665789  0.0308128  0.0015136  0.0162707
 5.3407075  4.9612663 -1.7739102 -0.2541417 -0.1455100 -0.0471925  0.0015657 -0.0162247  0.0090912
 5.4663712  4.9140308 -1.7541703 -0.2640909 -0.1438914 -0.0379714  0.0256322 -0.0000575  0.0083685
 5.5920349  4.8836436 -1.7226688 -0.2673195 -0.1153853 -0.0420307  0.0357887 -0.0042854  0.0040516
 5.7176986  4.9005994 -1.7056899 -0.2456235 -0.1027533 -0.0387251  0.0431310 -0.0089171  0.0105552
 5.8433623  4.8815664 -1.6964449 -0.2429223 -0.1024251 -0.0328867  0.0447890 -0.0115773  0.0078677
 5.9690260  4.8533665 -1.6894907 -0.2439553 -0.0962359 -0.0330567  0.0505610 -0.0204928  0.0069103
 6.0946897  4.8608229 -1.6793132 -0.2307323 -0.0984469 -0.0376130  0.0399949 -0.0100007  0.0206540
 6.2203535  4.8624455 -1.6721270 -0.2215085 -0.0985396 -0.0531917  0.0299297  0.0079751  0.0190832
 6.3460172  4.8644196 -1.6416526 -0.2258294 -0.0900827 -0.0601883  0.0305864  0.0017162 -0.0109419
 6.4716809  4.8485068 -1.6444042 -0.2303520 -0.0885637 -0.0939238  0.0506704 -0.0144723  0.0170914
 6.5973446  4.8312860 -1.6469990 -0.2040800 -0.0962945 -0.0652497  0.0570899  0.0024641  0.0134511
 6.7230083  4.8517822 -1.6447374 -0.1761674 -0.0918488 -0.0097413  0.0569771  0.0120915  0.0402464
 6.8486720  4.8427484 -1.6133731 -0.1854279 -0.0935429 -0.0106714  0.0055180  0.0064456  0.0163810
 6.9743357  4.7639158 -1.5880050 -0.1957168 -0.0984208 -0.0169378 -0.0107948 -0.0007920 -0.0138300
 7.0999994  4.7827517 -1.5877293 -0.2009865 -0.0951681 -0.0429968  0.0102653 -0.0153464  0.0010389
 7.2256631  4.7816934 -1.5824397 -0.2173287 -0.0714519 -0.0636735  0.0141187  0.0025161 -0.0005419
 7.3513268  4.7536818 -1.5339368 -0.2341062 -0.0565373 -0.0637173  0.0079429  0.0212921  0.0132892
 7.4769905  4.7491700 -1.5148165 -0.2189300 -0.0626422 -0.0657625 -0.0131107  0.0012557  0.0088865
 7.6026542  4.7489727 -1.4984251 -0.2124888 -0.0681131 -0.0437776 -0.0056698  0.0429971  0.0035942
 7.7283179  4.7659586 -1.4819901 -0.1843779 -0.0742797 -0.0464157  0.0197668  0.0226488 -0.0143865
 7.8539816  4.7201776 -1.4740833 -0.1935580 -0.0697821 -0.0097942  0.0217882  0.0034169 -0.0108441
 7.9796453  4.6432811 -1.4723429 -0.1781018 -0.0373377  0.0182490  0.0697041  0.0103752 -0.0210905
 8.1053090  4.7255907 -1.4246209 -0.1734880 -0.0178570 -0.0078767  0.0736176 -0.0083494 -0.0099878
 8.2309728  4.7172607 -1.4494858 -0.1579274 -0.0579461 -0.0690897  0.0911715 -0.0368771 -0.0150565
 8.3566365  4.6795847 -1.5050257 -0.1589424 -0.0651629 -0.0791587  0.0741845 -0.0450651  0.0116849
 8.4823002  4.6924197 -1.4247701 -0.1771476 -0.0569216 -0.1132860  0.0253660 -0.0469558 -0.0016148
 8.6079639  4.6894519 -1.3508179 -0.1673249 -0.0291678 -0.0479265  0.0159098 -0.0220371  0.0127547
 8.7336276  4.7076925 -1.3954114 -0.1544716 -0.0246523 -0.0650091  0.0146971  0.0197936  0.0355221
 8.8592913  4.6742878 -1.3771266 -0.1611122  0.0052123 -0.0327039  0.0388852  0.0004773  0.0315634
 8.9849550  4.6544589 -1.3524935 -0.1582650  0.0142639 -0.0006987  0.0603111  0.0213421  0.0017509
 9.1106187  4.6525282 -1.3522848 -0.1687825 -0.0178748 -0.0147120  0.0425417 -0.0002569  0.0020161
 9.2362824  4.6798265 -1.3178317 -0.1656269 -0.0303592 -0.0337435  0.0026341  0.0114313  0.0168934
 9.3619461  4.6221802 -1.2925833 -0.1582663  0.0035011 -0.0154874  0.0305742  0.0316163  0.0691018
 9.4876098  4.6970405 -1.3060433 -0.1205043  0.0438038 -0.0041307  0.0443587  0.0076392  0.0112472
 9.6132735  4.6743003 -1.3050780 -0.1037107  0.0050146  0.0100275  0.0326962  0.0047817 -0.0099654
 9.7389372  4.6269148 -1.2435794 -0.1428137  0.0043774 -0.0302905  0.0050083 -0.0303784 -0.0392031
 9.8646009  4.6073564 -1.2325023 -0.1504539  0.0065093 -0.0230583  0.0062908  0.0039071 -0.0025551
 9.9902646  4.6526105 -1.2053883 -0.1141958 -0.0227432  0.0036947 -0.0050136 -0.0371247  0.0861642
 10.1159283  4.5923677 -1.2667787 -0.0994479 -0.0543508 -0.0306303  0.0273644  0.0044974  0.0484603
 10.2415921  4.4794700 -1.3035371 -0.1113781 -0.0224212  0.0001318 -0.0504743  0.0167635  0.0054702
 10.3672558  4.5471615 -1.3121020 -0.1234619 -0.0005256  0.0192487 -0.0367987 -0.0059610 -0.0100191
 10.4929195  4.5817306 -1.2539551 -0.1093354 -0.0009633  0.0290654 -0.0448620  0.0360137 -0.0881282
 10.6185832  4.5816620 -1.1912150 -0.1416390 -0.0398066 -0.0137784 -0.1211527  0.0227187 -0.0431082
 10.7442469  4.6221423 -1.2550341 -0.1514818 -0.0052365 -0.0678221 -0.0185844 -0.0336051 -0.0225211
 10.8699106  4.6131798 -1.2332429 -0.1409706  0.0111435 -0.0529798  0.0455385  0.0285876 -0.0152791
 10.9955743  4.5974942 -1.2751055 -0.1373891  0.0145421  0.0076720  0.1037918  0.0149185 -0.0300716
 11.1212380  4.5975795 -1.2919428 -0.1271438  0.0113037  0.0159684  0.1415868  0.0401881 -0.0234530
 11.2469017  4.5636932 -1.1817401 -0.1357216  0.0276511 -0.0131150  0.1345653  0.0276621  0.0433235
 11.3725654  4.5509113 -1.2206072 -0.1161431 -0.0092111 -0.0119712  0.1546541  0.0047168  0.0836468
 11.4982291  4.5783494 -1.2024175 -0.1159696 -0.0012453 -0.0420459  0.0791043 -0.0047524  0.0825019
 11.6238928  4.5850001 -1.1681479 -0.1356371  0.0147396 -0.1119009  0.0372067 -0.0175781 -0.0348119
 11.7495565  4.5923186 -1.2014509 -0.1580570  0.0259989 -0.1384150  0.0926521 -0.0819531 -0.0473308
 11.8752202  4.5978207 -1.1463744 -0.0969698  0.0367585 -0.1084471  0.1406330 -0.0554965 -0.0699443
 12.0008839  4.6305841 -1.1815576 -0.0822516  0.0345896 -0.0497116  0.0540307 -0.0421909 -0.0494744
 12.1265476  4.5863696 -1.1017211 -0.0867208  0.0026772 -0.0086467 -0.0547439 -0.0550526  0.0077709
 12.2522113  4.5342857 -1.1156794 -0.1518359  0.0025973 -0.0786662 -0.0579152 -0.0025982 -0.0137289
 12.3778751  4.6673944 -1.0202515 -0.1248963 -0.0219613 -0.1223891 -0.1177899  0.0580660 -0.0234833
 12.5035388  4.6768353 -1.1096659 -0.0690556 -0.0143457 -0.0229380 -0.0294521  0.0280934 -0.0656252
 12.6292025  4.5945049 -1.0728234 -0.1344372 -0.0192149 -0.0367182 -0.0283175  0.0171862 -0.0699270
 12.7548662  4.6463821 -1.0172498 -0.1532019 -0.0129012 -0.0687542 -0.0085447 -0.0815547 -0.1029825
 12.8805299  4.5343899 -0.9657787 -0.0902522 -0.0119398  0.0163853  0.0073166 -0.0608921 -0.0799330
 13.0061936  4.5844297 -1.0030576 -0.1071179  0.0227258 -0.0477331 -0.0487458  0.0079998 -0.0289062
 13.1318573  4.5622154 -1.0593579 -0.1041629  0.0250016 -0.0591654 -0.0108771 -0.0181673  0.0484075
 13.2575210  4.4920943 -0.9078772 -0.1288354  0.0170748 -0.0408689 -0.0629103  0.0003357  0.0015746
 13.3831847  4.5360932 -0.8839090 -0.1165332  0.0898812 -0.0368346  0.0402925 -0.0060784 -0.0508527
 13.5088484  4.6319496 -0.8403569 -0.1063763  0.0787561 -0.0155077 -0.0643189  0.0824633 -0.0033417
 13.6345121  4.5193315 -0.9492297 -0.1178424  0.0697634  0.0250225  0.0203274  0.0689598  0.0058080
 13.7601758  4.5851218 -0.9284132 -0.0951279  0.0585966  0.0475956  0.0208446 -0.0497286  0.0141021
 13.8858395  4.5949117 -0.9896011 -0.0717642  0.0084933 -0.0216099  0.0465194 -0.0245477  0.0185790
 14.0115032  4.5803596 -0.9297494 -0.0741873  0.0156518 -0.0514415 -0.0500812 -0.0227615  0.0568954
 14.1371669  4.6082913 -0.9582411 -0.0302143  0.0340336  0.0046120  0.0525470 -0.1110729  0.0398087
 14.2628306  4.5728700 -0.8880908 -0.0362292  0.0442954  0.0501588  0.0268009  0.0322779  0.0327666
 14.3884944  4.4839677 -0.9549726 -0.0711125  0.0138998  0.0437228  0.0237748  0.0042205 -0.0192133
 14.5141581  4.4438437 -0.9451983 -0.1156309 -0.0185303  0.0237599  0.0610127 -0.0241989  0.0313765
 14.6398218  4.5159943 -0.9751973 -0.0529736 -0.0313515 -0.0350622  0.0537459  0.0829706  0.0388925
 14.7654855  4.4729911 -0.9701029 -0.0339625 -0.0341671 -0.0146017 -0.0454219  0.1843696  0.1125586
 14.8911492  4.4443796 -0.9505822 -0.1166893  0.0164516 -0.0213866 -0.0027119  0.0125435  0.0876456
 15.0168129  4.4876492 -0.8740232 -0.1388117  0.0247695 -0.0394819  0.0424235  0.0372852  0.0475340
 15.1424766  4.5015981 -0.9269862 -0.0784573  0.0270701 -0.0757941  0.0271238  0.0070912  0.1154392
 15.2681403  4.4858769 -0.8842720 -0.0604291  0.0151372  0.0036993 -0.0328551  0.0041449  0.0573528
 15.3938040  4.3762923 -0.7935314 -0.0760969 -0.0050557  0.0580056 -0.1609429 -0.0120531  0.0318772
 15.5194677  4.3804080 -0.8602762 -0.1186237  0.0213451  0.0570695 -0.0551692  0.0717959 -0.0261394
 15.6451314  4.5867420 -0.9041785 -0.0831704  0.0339272 -0.1452530  0.0211588  0.0406524 -0.0116001
 15.7707951  4.5928310 -0.9172318 -0.0866730  0.0420216 -0.1488612 -0.0407317  0.0394797  0.0003889
 15.8964588  4.4977584 -0.9087505 -0.1100554  0.0623453 -0.0237251  0.0670917 -0.0377485  0.0281888
 16.0221225  4.4622514 -0.9161022 -0.1157863  0.0776975 -0.0679123  0.1736964 -0.0795413 -0.0305416
 16.1477862  4.4280539 -0.9195432 -0.0921716  0.0794631  0.0398460  0.0996589  0.0233802 -0.0535314
 16.2734499  4.4817817 -0.9536318 -0.1248515  0.1025935  0.0140017 -0.0077936  0.0683712  0.0163217
 16.3991137  4.4397439 -0.9571150 -0.1598190  0.0599046 -0.0373790  0.0887247  0.0522022 -0.0327304
 16.5247774  4.4356444 -0.9373955 -0.2100337  0.0823711 -0.0618948  0.1367082 -0.0002230  0.0831316
 16.6504411  4.4988686 -0.7420931 -0.2397144  0.1022183 -0.0951445  0.0338592 -0.0231845  0.0702661
 16.7761048  4.4429250 -0.8349052 -0.1654486  0.0301931  0.0455634  0.0643214  0.1093678 -0.0095184
 16.9017685  4.3859311 -0.8249340 -0.1444210  0.0168929  0.1277671  0.0143607  0.1076050  0.0507039
 17.0274322  4.4700845 -0.8813661 -0.1394266  0.0346636 -0.0058756  0.1921032  0.0725638 -0.0342130
 17.1530959  4.5395926 -0.6138261 -0.0556922  0.0365063 -0.0173612 -0.0222107  0.0479432  0.0163672
 17.2787596  4.5424871 -0.6843217  0.0008923  0.0278726  0.1015837  0.0439573 -0.0272449  0.0655608
 17.4044233  4.6191904 -0.7400091 -0.0078628  0.0356594  0.0198993  0.0485525 -0.0493280  0.0345115
 17.5300870  4.5440402 -0.8209454  0.0037464  0.0844335  0.1076227  0.0537601  0.0011745  0.0482437
 17.6557507  4.4624244 -0.9176213 -0.0905926  0.0637868  0.2054716  0.0866875  0.0598568  0.0436051
 17.7814144  4.3196418 -0.6568916 -0.1663380 -0.0360787  0.0892526  0.0389573 -0.1058999  0.1388489
 17.9070781  4.2049743 -0.6411447 -0.1027197 -0.0001494  0.1357571  0.0729848 -0.0831390  0.1448514
 18.0327418  4.4077592 -0.7959171 -0.0027082 -0.0194601  0.1416587 -0.0134917  0.1079736  0.1297268
 18.1584055  4.4599054 -0.8231266 -0.0590747 -0.0125717  0.1726800 -0.0711877 -0.0164644  0.0361128
 18.2840692  4.4457662 -0.7976034 -0.0658165  0.0749074  0.2324189 -0.0293190 -0.0145266 -0.0930069
 18.4097330  4.5092172 -0.7834488 -0.0682748  0.1130988  0.2033737 -0.0645311  0.1273125 -0.0228130
 18.5353967  4.4344079 -0.7786521 -0.0268410  0.0169157  0.1733712 -0.0381452 -0.1286383 -0.0304641
 18.6610604  4.3143119 -0.8285598  0.0247503  0.0236170  0.1532618  0.0031485 -0.0684182 -0.0588901
 18.7867241  4.2867839 -0.8845464 -0.0775707  0.1013389  0.0184298  0.0234701  0.0241000 -0.0962788
 18.9123878  4.4402928 -0.7944554 -0.1793741  0.0939189 -0.0443811 -0.0332895  0.0354003 -0.0220642
 19.0380515  4.7102414 -0.7300612 -0.1063377  0.0478001 -0.1456634 -0.0791720 -0.0772636 -0.0322746
 19.1637152  4.6216369 -0.7569081 -0.0803307 -0.0140010 -0.0766798 -0.0598186  0.0156244  0.0404920
 19.2893789  4.6658526 -0.7731926 -0.0939798  0.0082637 -0.2169735  0.0437886  0.0801710  0.1235124
 19.4150426  4.6990986 -0.7656253 -0.0012241  0.0858919 -0.0242933  0.0538423 -0.0245154  0.2058939
 19.5407063  4.6621174 -0.7847440  0.0318372  0.0537641  0.1380113  0.0285668  0.0033592  0.2064274
 19.6663700  4.6594700 -0.7857354 -0.0507151  0.0147771 -0.1425950 -0.0107398  0.0162634  0.1015626
 19.7920337  4.5285985 -0.7604814 -0.1279200  0.0230628 -0.1271548 -0.0540503  0.1372294 -0.1302474
 19.9176974  4.3669129 -0.8017693 -0.0805181  0.1373886  0.1459259  0.0121111  0.0513529 -0.0912668
 20.0433611  4.5602151 -0.7358987  0.0079167  0.1506217  0.1321207  0.0237357  0.1370201 -0.0769205
 20.1690248  4.4170970 -0.8664568 -0.0367238  0.0243116  0.1200491  0.0252884  0.0452341  0.1223701
 20.2946885  4.5562483 -0.9319928 -0.0942144  0.0461451 -0.0094694  0.0340466 -0.0295994  0.0829503
 20.4203522  4.6373408 -0.8908763 -0.0648001  0.0511748  0.2071922  0.1194234 -0.1020291  0.0445220
 20.5460160  4.5772913 -0.5696516 -0.0698074 -0.0191538  0.0458165 -0.1191386 -0.0671488  0.0540272
 20.6716797  4.4724720 -0.6640215 -0.0460614  0.0058286 -0.0261435 -0.1104196 -0.0836983  0.0360317
 20.7973434  4.6506429 -0.7697856 -0.0442578  0.0181919 -0.0388793 -0.1904396 -0.1386127 -0.0281470
 20.9230071  4.6376416 -0.7530590 -0.0491296  0.0564477  0.1453226 -0.0818325 -0.1898851 -0.1996299
 21.0486708  4.5216605 -0.7388681 -0.1458420  0.1026919 -0.0307533 -0.2062760  0.0374762 -0.0691922
 21.1743345  4.2806880 -0.8134235 -0.2710220  0.0904611  0.1584186 -0.1579793  0.2020194 -0.1379154
 21.2999982  4.6473619 -0.8090797 -0.2300368  0.1600320  0.0775772 -0.0214128  0.1194023  0.0134539
 21.4256619  4.6661784 -0.7500927 -0.2673829  0.0453575 -0.0131747 -0.1403122  0.0770781  0.1641316
 21.5513256  4.5215974 -0.5967526 -0.2903191  0.0039367  0.1601413 -0.1778658 -0.0194654  0.1730855
 21.6769893  4.4590566 -0.5950094 -0.2062371  0.1241513  0.2293037  0.1014472 -0.1525699  0.1109194
 21.8026530  4.4687110 -0.6452577 -0.2593398  0.1710108  0.2542045  0.1468757 -0.0700164  0.1278120
 21.9283167  4.4145958 -0.4888668 -0.2013839 -0.0058364  0.1692821 -0.0367615 -0.1383216  0.1135508
 22.0539804  4.1994045 -0.6553732 -0.2489020 -0.1030617  0.1433126 -0.0419227 -0.0099786  0.0690865
 22.1796441  4.3230679 -0.6413064 -0.2228283 -0.0251302  0.1056245 -0.0174009 -0.0664164  0.0404017
 22.3053078  4.4849634 -0.7060532 -0.1504634  0.0210187  0.2108644  0.3161216 -0.0716228  0.0752760
 22.4309715  4.4946687 -0.5984692 -0.0220134  0.0252751  0.0189622  0.1784636 -0.1431995  0.0787383
 22.5566353  4.3931169 -0.4384129 -0.1128144  0.1376446 -0.0265941 -0.0664207 -0.1932564  0.1816790
 22.6822990  4.4760912 -0.4802271 -0.1035816  0.1670136  0.0443765  0.1282938 -0.0735711 -0.0511955
 22.8079627  4.3584417 -0.6121395 -0.1711404  0.0341157  0.1500036  0.1584037  0.0048794 -0.1792102
 22.9336264  4.4522614 -0.8402749 -0.0678180  0.1455357 -0.1604946  0.1468128  0.0407419  0.0325437
 23.0592901  4.4316011 -0.6981195 -0.0578643  0.2816760  0.1268745  0.0219002 -0.0750226  0.0355537
 23.1849538  4.3303231 -0.6040375 -0.1076835  0.2047529  0.4518067  0.1576400 -0.3499331  0.1247816
 23.3106175  4.5798075 -0.5840751 -0.1295455  0.2026730  0.2441397  0.1771503 -0.2574391  0.0735689
 23.4362812  4.5184261 -0.5132331 -0.2106747  0.1263876  0.1654765  0.2434771  0.0373506  0.1108272
 23.5619449  4.4151139 -0.5174691 -0.0597302  0.0579737  0.1675293  0.0067601  0.0172951  0.2278869
 23.6876086  4.6131905 -0.7450462  0.0161286  0.1014355  0.2599812  0.0409400  0.1239117  0.1147926
 23.8132723  4.7916619 -0.7815802  0.0230645  0.0248162  0.1306049  0.0915250  0.1272451  0.2415657
 23.9389360  4.5821786 -0.6349806 -0.0198068  0.0142823 -0.0728025  0.0880172  0.1677249  0.1306770
 24.0645997  4.3374687 -0.5134632 -0.0924629  0.0502781 -0.0306024  0.2880578  0.2242515  0.2999550
 24.1902634  4.5943630 -0.5661984 -0.0071122  0.1567423 -0.0663170  0.1187967  0.0327515  0.1762853
 24.3159271  4.7356683 -0.6958353  0.0335399 -0.0323185  0.0519331 -0.3267561 -0.1534537 -0.2342960
 24.4415908  4.6308237 -0.8009906 -0.1069637  0.0293941  0.1640486 -0.1136993 -0.3016620 -0.0904348
 24.5672546  4.7037069 -0.5197314 -0.2740286  0.1784231  0.1454105  0.0569258 -0.1257349  0.0885260
 24.6929183  4.2912255 -0.6777103 -0.2925020  0.1808709  0.2409016  0.1286742 -0.1769902  0.0214303
 24.8185820  4.4620535 -0.5416260 -0.1671083  0.1746552  0.0996947  0.2345707 -0.3060993 -0.0908543
 24.9442457  4.4963178 -0.3622616 -0.1152610  0.1527185  0.1333119  0.3471191 -0.0509612 -0.0229933
 25.0699094  4.5238394 -0.3096726 -0.0811852  0.0668624  0.2559242  0.1087218 -0.0483011 -0.0503826
 25.1955731  4.2793642 -0.5367531 -0.0078677  0.0310471  0.4465559 -0.2355976 -0.1514572 -0.1301156
 25.3212368  4.7771035 -0.6074964 -0.0319665  0.1040445  0.1954718 -0.1773062 -0.0137168 -0.3808650
 25.4469005  4.9564058 -0.6514635 -0.1091208 -0.0415043  0.0122219  0.0988331  0.0467574 -0.2623455
 25.5725642  4.6349856 -0.7414719 -0.0766908 -0.1536376  0.2177889  0.2114833 -0.1178561  0.0647688
 25.6982279  4.4915044 -0.6895019 -0.0079111 -0.0460534  0.2054198  0.2854954 -0.0571493 -0.1254815
 25.8238916  4.2620034 -0.5539676 -0.1943528  0.0546050  0.2579366  0.3719065  0.2599710  0.0054918
 25.9495553  4.4017425 -0.3930184 -0.1727978  0.0498956  0.2074693  0.1441203  0.1434346  0.0856006
 26.0752190  4.6703984 -0.7488513  0.0843465 -0.0493115  0.1964835  0.1573952  0.0910776 -0.0984359
 26.2008827  4.8378849 -0.8421640 -0.1296684 -0.0008067 -0.1559770 -0.0706020 -0.0672759 -0.1774768
 26.3265464  4.6248703 -0.6243120 -0.2328493  0.0475058  0.0187217  0.1048810 -0.2384113 -0.2263790
 26.4522101  4.3580957 -0.8466495 -0.0932772 -0.0828779  0.5458472  0.3208340 -0.0716178 -0.1346619
 26.5778738  4.7757423 -0.5798607  0.0129255 -0.2418780  0.0168686  0.1147689  0.1870273  0.0392970
 26.7035376  4.9209884 -0.8229153 -0.0553551 -0.2173011 -0.1941921  0.2376291  0.1116086 -0.1508754
 26.8292013  4.7141928 -0.5605584 -0.0617912 -0.2497843 -0.3415642  0.2065628 -0.2296524  0.0179845
 26.9548650  4.6735570 -0.4836057  0.1105776 -0.1984167  0.1475486 -0.0105119 -0.1433631  0.0878343
 27.0805287  4.7720569 -0.9442383  0.2396626 -0.2005400  0.2019964  0.3183927 -0.1973742  0.1124028
 27.2061924  4.5250777 -0.9091291  0.0391907 -0.0750985  0.1555755  0.4365674 -0.1088047  0.1565723
 27.3318561  4.5859335 -0.5846301 -0.0468043 -0.1556520  0.4447096  0.1416866 -0.1767721  0.4063650
 27.4575198  4.5650127 -0.5309930 -0.0929912 -0.2348235  0.5104331  0.0555393 -0.0024401  0.1267787
 27.5831835  4.3762141 -0.4855082 -0.0419274 -0.1136987  0.2096325 -0.0360454 -0.0180587 -0.1403693
 27.7088472  4.5354313 -0.8630805 -0.1278531  0.0280639  0.0343678  0.2557834  0.0176316 -0.2016769
 27.8345109  4.5987793 -0.8169547 -0.0239464 -0.0647497 -0.0310742  0.4201076  0.0374357  0.0251111
 27.9601746  4.3248837 -0.6109686  0.0573606  0.0271781  0.3825186  0.1903274  0.0274891  0.2591425
 28.0858383  4.3954127 -0.4283076 -0.0529939 -0.0037548  0.3271982 -0.0653434 -0.0972231  0.1848593
 28.2115020  4.6969126 -0.5285272  0.0093633 -0.0907975 -0.0637068 -0.1546948  0.0970857  0.2605944
 28.3371657  4.8469575 -0.5546347 -0.0681502 -0.2225999 -0.0248321 -0.3991768 -0.2695363  0.1529776
 28.4628294  4.6201448 -0.5200808 -0.1708500 -0.1157864  0.0776750 -0.1551001 -0.0403326  0.0619093
 28.5884931  4.6654474 -0.4267567 -0.2123985  0.0397869 -0.1759812  0.1817746 -0.0533840  0.0271122
 28.7141569  4.2686949 -0.3569352 -0.2026960  0.0063429 -0.0769439  0.2462471 -0.0622244 -0.2033346
 28.8398206  4.2904259 -0.0185242 -0.1425939  0.1856487 -0.0591004 -0.2539625 -0.2276760 -0.1518893
 28.9654843  4.4230190 -0.1419130 -0.0330229  0.1143469 -0.0305235 -0.0787806 -0.2415707 -0.0090841
 29.0911480  4.4950622 -0.3273411 -0.0662460 -0.0144066  0.0215456 -0.0523625 -0.1999372 -0.2947764
 29.2168117  4.2977665 -0.3871964 -0.1294690  0.0978897  0.2323966  0.3228472 -0.1844901 -0.1025410
 29.3424754  4.5505578 -0.7003055  0.0562010  0.2024047  0.2507727  0.9004253 -0.1878002 -0.2190775
 29.4681391  4.9438505 -0.5358760  0.1483669  0.1145238  0.3075355  0.4561837 -0.1450803  0.1863731
 29.5938028  4.7743582 -0.3778993  0.0165118 -0.0531567  0.0356613  0.2343025 -0.0827703  0.1456733
 29.7194665  4.8647504 -0.4733913 -0.1421118 -0.0525067 -0.1643917  0.2607489 -0.2005412 -0.0706125
 29.8451302  4.6827149 -0.5281047 -0.0530558 -0.0315027  0.0774926  0.2477332 -0.3417906  0.3285429
 29.9707939  4.5352793 -0.3214958 -0.2570462 -0.1495373  0.0673655 -0.0612024 -0.0946046  0.1101955
 30.0964576  4.6070099 -0.2679056 -0.2907183 -0.2004572 -0.2231220 -0.1258125  0.0605612  0.0803664
 30.2221213  4.8743358 -0.3055002  0.0436445 -0.2165243  0.0623735 -0.1319710 -0.1967089 -0.0684375
 30.3477850  4.6923471 -1.0647261  0.0727975 -0.2466085  0.1410097  0.0902880 -0.2935519 -0.1818757
 30.4734487  4.3214286 -0.4437233  0.0175022 -0.2669424  0.5419607  0.0580834 -0.1203890 -0.2035356
 30.5991124  4.4070132 -0.5937296  0.0007852 -0.2976863 -0.0477332  0.4140606  0.1291156  0.1655245
 30.7247762  4.0883992 -0.6168931 -0.1477975 -0.1055381  0.1365148  0.5634026  0.4118743  0.5108309
 30.8504399  4.5234037 -0.7867896  0.0166105 -0.1487371 -0.3905075  0.6605791  0.0360720 -0.0500339
 30.9761036  4.6312776 -0.3662790 -0.0409859 -0.3123268 -0.2354002 -0.0272589 -0.1997083 -0.0882192
 31.1017673  4.5186124 -0.2342590  0.0351176  0.0083385 -0.0578885  0.0940839  0.1587629  0.1188711
 31.2274310  4.5395400 -0.7883312 -0.0539324 -0.0593036  0.0900873  0.3529065  0.3956219 -0.3064413
 31.3530947  4.4881849 -0.8825817 -0.1673259 -0.3696045  0.1923971 -0.0338168 -0.0392747 -0.0993985
 31.4787584  4.2808421 -0.2576025 -0.1354472 -0.2334523  0.3691962  0.1616597 -0.3278874  0.1884840
 31.6044221  4.5774014  0.2765743  0.0565506 -0.1334139  0.1199017  0.1131234 -0.0448116  0.3045344
 31.7300858  4.8329784  0.0431308  0.1312751 -0.1589616 -0.1653949 -0.2098277 -0.1116771 -0.0220737
 31.8557495  4.4635802 -0.2949404 -0.0692002 -0.2025799  0.2731581 -0.1697484 -0.3177791  0.2822595
 31.9814132  4.3196508 -0.4485365 -0.1691293 -0.2087714  0.1400866  0.0649407 -0.1343102 -0.0017748
 32.1070769  4.4531617 -0.1186971 -0.0325650 -0.2100442  0.0257108 -0.4721395 -0.1311820 -0.1310493
 32.2327406  4.4630006 -0.2760312 -0.1067120 -0.4072724 -0.0440038 -0.3176985 -0.4345512 -0.0309929
 32.3584043  4.1063795 -0.1998384 -0.0955855 -0.4205810  0.3711901 -0.1455013 -0.1733587  0.1936352
 32.4840680  4.5922828 -0.5143696  0.1552822 -0.2093686 -0.1239374  0.5263648 -0.0797884 -0.1447047
 32.6097317  4.4250221 -0.6197882 -0.0879004 -0.0751826  0.0163116  0.4817302  0.4178417 -0.2289066
 32.7353955  4.7105367 -0.5484140  0.0157360 -0.2165518 -0.0502211  0.1703855  0.1777017 -0.3957653
 32.8610592  4.5107531 -0.5830348  0.1162882 -0.2604798 -0.3840578  0.2047492  0.5772386 -0.3525805
 32.9867229  4.1350879 -0.2122288 -0.0075890 -0.2200274 -0.4503508 -0.2868578  0.3318551 -0.2077481
 33.1123866  4.4872002 -0.2433974  0.0289506 -0.0247573 -0.1929184 -0.4793839  0.1026608 -0.8125738
 33.2380503  4.3159696 -0.2861106  0.0293551 -0.1443481  0.1595802 -0.1059722  0.2028961 -0.1008855
 33.3637140  4.5025554 -0.6607337 -0.0496273 -0.2062350 -0.1566439  0.4978402  0.7037192  0.1788943
 33.4893777  4.3207630 -0.3154470 -0.0606475 -0.2202609  0.1264102  0.0855498  0.4374809 -0.1127012
 33.6150414  4.1609734 -0.6224924 -0.1088538 -0.2435115  0.0966816 -0.0621172  0.4123009 -0.0472683
 33.7407051  4.0946813 -0.5298818 -0.1569715 -0.1944418 -0.4427451 -0.2018876 -0.1074778 -0.2844506
 33.8663688  3.8184860 -0.3929781 -0.2744321 -0.0915814  0.0422745 -0.3768132 -0.1815014 -0.0278051
 33.9920325  3.9392338 -0.6839915 -0.2032706 -0.0760450 -0.0608316  0.3871132 -0.4306556 -0.1587559
 34.1176962  4.0738263 -0.5258500  0.0342214  0.0975958  0.2302454  0.3041071 -0.2528101 -0.2247499
 34.2433599  4.2825454 -0.1597590 -0.0514426  0.0971137  0.5236098  0.0980544 -0.4095059  0.0024607
 34.3690236  3.9856882  0.1519245 -0.3327187  0.0315934 -0.0134623  0.2047670  0.2530713  0.0334028
 34.4946873  4.7281086  0.0597870 -0.5623283  0.1057674 -0.7447723  0.2022192  0.0642694 -0.1882409
 34.6203510  5.2121717 -0.2914601 -0.2607102  0.0655491 -0.3131210  0.7099730 -0.0024703 -0.3376769
 34.7460147  4.6925311 -0.1346485 -0.1875052 -0.1034974 -0.0667099  0.6165031 -0.1612082  0.2203118
 34.8716785  4.5061255  0.0607268 -0.3562369  0.0759414  0.2779620  0.3547367 -0.2658160  0.2248011
 34.9973422  4.5316268 -0.2432318 -0.0724470  0.0810230  0.5011324  0.3046064  0.1342756  0.3969298
 35.1230059  4.8226928 -0.2476476  0.0076654 -0.2428506  0.0007681 -0.2033301 -0.1903069  0.3761638
 35.2486696  4.4931179 -0.4605603 -0.0802409 -0.3259974 -0.0090798 -0.0839205 -0.3354768  0.2786929
 35.3743333  4.6946978 -0.3878117  0.1567556 -0.1265997  0.0820664  0.3681591 -0.0400667  0.0274233
 35.4999970  4.2652859 -0.0094032  0.2874591 -0.0521999  0.2462704  0.0356238  0.4479675 -0.0059483
 35.6256607  4.4212748 -0.2553361  0.3215356 -0.0992527 -0.1164070  0.5409925  0.3229720  0.0249627
 35.7513244  4.4390987 -0.0170853  0.1825617 -0.0088651 -0.6033688 -0.1007564  0.2274880 -0.2886506
 35.8769881  4.5089276  0.1146099 -0.0008828 -0.0298535 -0.1062144 -0.0450248 -0.0218134 -0.4445031
 36.0026518  4.5030234 -0.2774732  0.4006041 -0.3096965  0.0388050  0.6723828 -0.0585336 -0.2900904
 36.1283155  4.6498470 -0.0314070  0.3371779 -0.3275371 -0.3326602 -0.0001720 -0.0129236 -0.2655267
 36.2539792  4.2396349 -0.1808678  0.0060794 -0.1888529 -0.0698001  0.1927026 -0.1058647  0.0671171
 36.3796429  4.1189766 -0.5618527  0.0009723 -0.3296751  0.1255250  0.4551548 -0.2043628  0.0448190
 36.5053066  5.1581246 -0.5575587  0.1333188 -0.4306963 -0.5348136 -0.2297521 -0.4143829 -0.1535306
 36.6309703  4.9476085 -0.9671939 -0.0869510 -0.2831387 -0.6432825  0.2792546 -0.3369605 -0.3689503
 36.7566340  4.7422076 -0.4577617 -0.1270399 -0.1228767 -0.4719441  0.6590914 -0.0359444  0.0065499
 36.8822978  4.5103862  0.0587732  0.1780849 -0.0631921 -0.2865388 -0.1192530  0.2181041 -0.2254576
 37.0079615  5.0919666 -0.3584109 -0.1077897 -0.0123025 -1.4864477 -0.1103975 -0.1015533 -0.0471559
 37.1336252  4.2874462 -0.4143567  0.1323304  0.1325837 -0.7530211  0.0985293 -0.5681378  0.2137216
 37.2592889  4.3472085 -0.7099948  0.2239024  0.0964442  0.0289002 -0.0540844  0.2019630  0.4505702
 37.3849526  4.2482591 -0.0709895 -0.1124956  0.0706153 -0.1444987 -0.4049400 -0.2857622 -0.1841501
 37.5106163  3.8926962 -0.5051537 -0.1033741  0.2375493 -0.0679475 -0.2662107  0.0173738 -0.4233312
 37.6362800  3.8754224 -1.1117904  0.0556296  0.0609312  0.5350518  0.5687149 -0.1120979  0.1490933
 37.7619437  4.9987267 -0.4531635  0.0248672  0.1824843 -0.0842202  0.0554951 -0.1247337  0.7651808
 37.8876074  4.3924661 -0.2054020  0.1842054 -0.1231640  0.0427521 -0.2145809  0.1927886 -0.0659454
 38.0132711  4.0482793 -1.0453578  0.1405492 -0.1235686 -0.3620629 -0.1080785 -0.0530208 -0.3390871
 38.1389348  4.1045240 -0.9233060 -0.2319184 -0.1763253 -0.1193397 -0.3978638 -0.0776011 -0.5075492
 38.2645985  3.7214207 -0.9654316 -0.0931005 -0.1473681  0.7445416  0.0939384 -0.1782425 -0.6084404
 38.3902622  4.5396418 -0.9064142 -0.0296097 -0.2396391 -0.1712108 -0.2081317 -0.0567108 -1.0644124
 38.5159259  4.8277696 -1.5855172 -0.2378403 -0.2995710 -1.0728903 -0.1404878  0.2759268 -0.5913046
 38.6415896  4.2257331 -0.9080817 -0.2366016  0.1116488 -0.5396383  0.2360695  0.4417851 -0.8584616
 38.7672533  4.9178765  0.3334758 -0.2024117  0.2729442 -0.5905326 -0.1792460 -0.1702280 -0.4617402
 38.8929171  4.5575971 -0.0602935 -0.3923736 -0.0047349 -0.0108309 -0.0938380  0.0347486 -0.1455412
 39.0185808  4.0457008 -0.3964808 -0.2912853 -0.1829534  0.0727690  0.5006983  0.4561756  0.1792344
 39.1442445  4.0159110  0.0847124 -0.3449537  0.0162565 -0.1717945  0.0350624  0.3888794  0.4234971
 39.2699082  3.6659126  0.0336751 -0.1739596 -0.2041769  0.2542855 -0.0591268  0.3169357  0.4224970
 39.3955719  4.4781294 -0.6554657  0.0086170 -0.0569841  0.1686060  0.4945903 -0.0003229  0.5124651
 39.5212356  4.7490375 -0.1721461 -0.0932389  0.1352426 -0.1699594  0.6075633 -0.0639004  0.8791115
 39.6468993  4.5765007 -0.2661117 -0.3956337  0.2478842  0.0070126  0.7073775 -0.1137040  0.9172966
 39.7725630  4.8227717 -0.0323456 -0.0484507  0.0654334 -0.7276050  0.3072770 -0.2185087  0.4952257
 39.8982267  4.4202034 -0.3961780  0.2058628  0.2741289  0.1241493 -0.1496988 -0.5112035 -0.0633264
 40.0238904  4.3090400  0.2381753 -0.0440741  0.0049688  0.4955648  0.2506746  0.3346658 -0.3971499
