#w_matsubara  g11_Re     g11_Im     g12_Re     g12_Im     g13_Re     g13_Im     g12_nambu_Re     g12_nambu_Im     
 0.0628319  5.5765329 -0.2020424 -0.4488036 -0.0327974 -0.3632241  0.0553581  0.3759897 -0.0008980
 0.1884956  5.5920342 -0.5481054 -0.4381749 -0.0917991 -0.3526369  0.1272285  0.3055785  0.0006677
 0.3141593  5.6083453 -0.7967990 -0.4294253 -0.1380859 -0.3415072  0.1519467  0.2269765  0.0000240
 0.4398230  5.6212653 -0.9776739 -0.4264460 -0.1688956 -0.3295466  0.1571587  0.1691917  0.0003895
 0.5654867  5.6300975 -1.1195626 -0.4270941 -0.1977648 -0.3251447  0.1493585  0.1271000 -0.0017137
 0.6911504  5.6349180 -1.2389047 -0.4205903 -0.2223325 -0.3169469  0.1382981  0.0988568 -0.0020905
 0.8168141  5.6323758 -1.3414119 -0.4238728 -0.2362295 -0.3106417  0.1288839  0.0822481  0.0001650
 0.9424778  5.6367863 -1.4290469 -0.4159402 -0.2592030 -0.2934731  0.1143573  0.0625112  0.0021833
 1.0681415  5.6207814 -1.5094263 -0.4160186 -0.2675133 -0.2893863  0.1095376  0.0482548  0.0006792
 1.1938052  5.6140771 -1.5813136 -0.4185946 -0.2842136 -0.2798431  0.0923487  0.0429248  0.0001840
 1.3194689  5.6020796 -1.6253788 -0.4127362 -0.2803285 -0.2621911  0.1010705  0.0388860  0.0002707
 1.4451326  5.5732343 -1.6899406 -0.4243732 -0.2880079 -0.2688226  0.0909128  0.0362027 -0.0019533
 1.5707963  5.5618297 -1.7370204 -0.4139426 -0.2896944 -0.2447254  0.0928146  0.0304511 -0.0031454
 1.6964600  5.5400363 -1.7764218 -0.4217199 -0.2865485 -0.2449666  0.0869146  0.0191475 -0.0083864
 1.8221237  5.5306514 -1.8194156 -0.4080347 -0.3027674 -0.2209467  0.0799315  0.0156528 -0.0087850
 1.9477874  5.4995694 -1.8375978 -0.4109681 -0.2864064 -0.2217683  0.0916029  0.0153949 -0.0069231
 2.0734512  5.4756599 -1.8757002 -0.4064126 -0.2960650 -0.2110050  0.0789326  0.0133463  0.0029848
 2.1991149  5.4610917 -1.8846783 -0.3895900 -0.2853307 -0.1900806  0.0782370  0.0090926 -0.0002716
 2.3247786  5.4224618 -1.9040917 -0.4045898 -0.2845559 -0.1922525  0.0640146  0.0107215 -0.0036411
 2.4504423  5.4153463 -1.9288354 -0.3907462 -0.2878022 -0.1790502  0.0717464  0.0083045  0.0027150
 2.5761060  5.3973961 -1.9207714 -0.3802419 -0.2749996 -0.1698997  0.0675364  0.0076377  0.0005162
 2.7017697  5.3563844 -1.9202966 -0.3827703 -0.2762325 -0.1677396  0.0461414  0.0107137 -0.0038010
 2.8274334  5.3353767 -1.9371747 -0.3755949 -0.2675763 -0.1484630  0.0570730  0.0102648 -0.0050797
 2.9530971  5.3037302 -1.9328933 -0.3832879 -0.2553118 -0.1602846  0.0636903  0.0065524 -0.0063094
 3.0787608  5.2787688 -1.9440941 -0.3631086 -0.2565307 -0.1326492  0.0530600  0.0062016  0.0040306
 3.2044245  5.2675364 -1.9277129 -0.3623914 -0.2213007 -0.1376130  0.0702880 -0.0032280 -0.0022935
 3.3300882  5.2536685 -1.9392193 -0.3552363 -0.2340810 -0.1313036  0.0660389 -0.0028411  0.0025924
 3.4557519  5.2118432 -1.9363361 -0.3491023 -0.2360347 -0.1272700  0.0745987  0.0032799  0.0147866
 3.5814156  5.1686591 -1.9153042 -0.3573790 -0.2172234 -0.1369454  0.0529748  0.0081738  0.0037079
 3.7070793  5.1722421 -1.9174642 -0.3327335 -0.2112450 -0.1080925  0.0300552 -0.0008842  0.0032810
 3.8327430  5.1350855 -1.9001640 -0.3337922 -0.1829512 -0.1160647  0.0650498 -0.0035847  0.0028342
 3.9584067  5.1203176 -1.8999140 -0.3252045 -0.1823416 -0.1071786  0.0322249  0.0026676  0.0045240
 4.0840704  5.1197893 -1.8821457 -0.3183025 -0.1621263 -0.0936480  0.0552727  0.0135646 -0.0157290
 4.2097342  5.0893469 -1.8841843 -0.3227102 -0.1720101 -0.0869579  0.0329503  0.0149457 -0.0115010
 4.3353979  5.0917646 -1.8857499 -0.3142214 -0.1692875 -0.0840208  0.0373472  0.0000158  0.0008959
 4.4610616  5.0763197 -1.8542370 -0.3166314 -0.1506496 -0.0881743  0.0488566  0.0179450  0.0045062
 4.5867253  5.0599211 -1.8462707 -0.2985561 -0.1602232 -0.0697716  0.0241975  0.0103590 -0.0027041
 4.7123890  5.0502326 -1.8224519 -0.2863331 -0.1433803 -0.0710707  0.0305040 -0.0066763 -0.0104692
 4.8380527  5.0093568 -1.8189745 -0.2964633 -0.1533826 -0.0541681  0.0392191  0.0029368 -0.0027875
 4.9637164  4.9895146 -1.7960304 -0.2725377 -0.1467154 -0.0187217  0.0595986  0.0124642 -0.0027342
 5.0893801  4.9860850 -1.7820247 -0.2840656 -0.1477766 -0.0534848  0.0372786  0.0092190 -0.0029397
 5.2150438  4.9704972 -1.7541328 -0.2412597 -0.1399847 -0.0279989  0.0134853 -0.0060200 -0.0218251
 5.3407075  4.9528109 -1.7585472 -0.2564278 -0.1257110 -0.0536542  0.0301979 -0.0039496 -0.0066746
 5.4663712  4.9413620 -1.7802092 -0.2449450 -0.1515215 -0.0416950 -0.0148761  0.0049633  0.0089787
 5.5920349  4.9386974 -1.7199583 -0.2400378 -0.1191217 -0.0491617  0.0052992  0.0059760 -0.0074946
 5.7176986  4.9022037 -1.7233021 -0.2621606 -0.1229151 -0.0525689 -0.0163215 -0.0064220 -0.0097060
 5.8433623  4.9325344 -1.7133499 -0.2377601 -0.0961992 -0.0499085  0.0147363 -0.0071716 -0.0106605
 5.9690260  4.9204848 -1.6789820 -0.2505683 -0.0897728 -0.0732713  0.0250856  0.0143103 -0.0085273
 6.0946897  4.9299957 -1.6954680 -0.2228131 -0.1155323 -0.0626423  0.0178486 -0.0095907 -0.0212231
 6.2203535  4.8735384 -1.6556234 -0.2128680 -0.0875257 -0.0565402  0.0152081  0.0024204 -0.0032361
 6.3460172  4.8396615 -1.6634763 -0.2110268 -0.1192392 -0.0170193 -0.0358840  0.0203637  0.0031586
 6.4716809  4.8563046 -1.6407406 -0.1977398 -0.0846367 -0.0192026  0.0102977 -0.0000934 -0.0072396
 6.5973446  4.8055394 -1.6304091 -0.2276371 -0.0861012 -0.0398112  0.0046469  0.0168360 -0.0276998
 6.7230083  4.8265288 -1.6153951 -0.2144878 -0.0799881 -0.0333727  0.0183137 -0.0033982 -0.0016871
 6.8486720  4.8137398 -1.5613123 -0.2230645 -0.0484847 -0.0431658  0.0329146  0.0195876  0.0011575
 6.9743357  4.7718633 -1.5701046 -0.1987550 -0.0631128 -0.0004907  0.0055296  0.0177154  0.0253730
 7.0999994  4.8050622 -1.5466364 -0.1839510 -0.0668175 -0.0287916  0.0009125 -0.0194928  0.0124403
 7.2256631  4.7702328 -1.5570221 -0.1846278 -0.0660232 -0.0541111 -0.0117339 -0.0247552 -0.0147016
 7.3513268  4.7727052 -1.5886650 -0.1635573 -0.0504430  0.0156095 -0.0005864  0.0492865 -0.0175039
 7.4769905  4.7631645 -1.5494544 -0.2000223 -0.0565586 -0.0111896 -0.0230319  0.0390301 -0.0096243
 7.6026542  4.7844735 -1.5669050 -0.1729583 -0.0716672 -0.0017505  0.0099811  0.0043329  0.0006535
 7.7283179  4.7618400 -1.5016222 -0.1681040 -0.0644865  0.0019587  0.0013740  0.0067917  0.0058759
 7.8539816  4.7597741 -1.5279314 -0.2096844 -0.0799556 -0.0372957 -0.0178639  0.0147751 -0.0152610
 7.9796453  4.7544480 -1.4864135 -0.1796390 -0.0805081 -0.0029723 -0.0281347 -0.0081428 -0.0163868
 8.1053090  4.7050562 -1.4715313 -0.1896339 -0.0547360 -0.0179384  0.0172880 -0.0180271 -0.0381759
 8.2309728  4.7116421 -1.4726083 -0.1629902 -0.0690789  0.0068825  0.0083651  0.0171773  0.0152693
 8.3566365  4.7003515 -1.4074893 -0.1817063 -0.0202738 -0.0091571  0.0107431  0.0218685  0.0227907
 8.4823002  4.7261698 -1.4196617 -0.1865756 -0.0877453 -0.0027410  0.0068585  0.0058875 -0.0062885
 8.6079639  4.7693382 -1.4126983 -0.1242890 -0.0602230 -0.0213049  0.0430055  0.0295188  0.0008115
 8.7336276  4.6911270 -1.3905610 -0.1923547 -0.0586851 -0.0212600  0.0077595  0.0124220  0.0310772
 8.8592913  4.7126932 -1.3580687 -0.1546810 -0.0788325  0.0076671  0.0029695  0.0042709  0.0145801
 8.9849550  4.6829929 -1.3015936 -0.1338609 -0.0260624  0.0154746  0.0657435  0.0021034  0.0027653
 9.1106187  4.6541874 -1.3809359 -0.1292795 -0.0882938 -0.0186916  0.0055499 -0.0218294  0.0019766
 9.2362824  4.6699614 -1.3011830 -0.1331671 -0.0242380  0.0428535  0.0172173 -0.0165337 -0.0016667
 9.3619461  4.6422577 -1.2536766 -0.1728935 -0.0109035 -0.0160754  0.0394123  0.0232188  0.0149403
 9.4876098  4.6771410 -1.2765088 -0.1400652 -0.0358558 -0.0026738  0.0357770  0.0181667  0.0209479
 9.6132735  4.6367998 -1.2657461 -0.1394338 -0.0086498 -0.0148943  0.0808522  0.0286380 -0.0003124
 9.7389372  4.6867151 -1.3247923 -0.1048346 -0.0717818 -0.0563223  0.0116675  0.0270295 -0.0229879
 9.8646009  4.6958647 -1.1826078 -0.0698658  0.0078852 -0.0169880  0.0411079 -0.0065542 -0.0089095
 9.9902646  4.6074964 -1.2399020 -0.1239589 -0.0341898 -0.0072406 -0.0283944 -0.0739406  0.0017467
 10.1159283  4.6452230 -1.3228655 -0.0591450 -0.0410351  0.0578274  0.0193165 -0.0395424  0.0298957
 10.2415921  4.6463354 -1.2590645 -0.1061219 -0.0002610 -0.0325371  0.0031717 -0.0507228  0.0580183
 10.3672558  4.6602644 -1.2558176 -0.1083869 -0.0404676  0.0418366 -0.0743107 -0.0503708  0.0542944
 10.4929195  4.6551892 -1.1900145 -0.1114832 -0.0130880 -0.0405697  0.0199524 -0.0563086 -0.0294731
 10.6185832  4.6330046 -1.2367049 -0.1462452 -0.0458540 -0.0737452 -0.0260154  0.0241861  0.0072415
 10.7442469  4.6756328 -1.1823825 -0.1159046 -0.0451699 -0.0532782  0.0323486 -0.0161924 -0.0404359
 10.8699106  4.6241866 -1.1851020 -0.1084479 -0.0519837 -0.1061340 -0.0164187  0.0097600 -0.0034928
 10.9955743  4.5981104 -1.1904214 -0.0986511 -0.0593858 -0.0607773 -0.0465369 -0.0363292  0.0465372
 11.1212380  4.5878999 -1.1594603 -0.0781868 -0.0064276 -0.0681797 -0.0459929 -0.0050369  0.0410814
 11.2469017  4.5817679 -1.1665171 -0.0930135 -0.0150097 -0.0396116 -0.0253392 -0.0164034 -0.0414205
 11.3725654  4.5252000 -1.1207389 -0.0516355  0.0224106 -0.0372209  0.0113515 -0.0024543  0.0108225
 11.4982291  4.5482238 -1.1686766 -0.0794680  0.0333664  0.0082366 -0.0229988 -0.0086108 -0.0032110
 11.6238928  4.5905912 -1.1207353 -0.1208716 -0.0000737 -0.0066500  0.0043201 -0.0050651 -0.0083776
 11.7495565  4.6767246 -1.1387100 -0.0996332 -0.0206403 -0.0541440 -0.0382593 -0.0005691 -0.0042774
 11.8752202  4.6474276 -1.1590030 -0.0954570 -0.0751421  0.0302768 -0.1074648 -0.0216007  0.0405730
 12.0008839  4.6201980 -1.1282299 -0.1030567 -0.0020432 -0.0096303 -0.0287159  0.0539969  0.0155086
 12.1265476  4.5163855 -1.2280703 -0.1447142 -0.0945985  0.0253131 -0.0061564  0.0129292 -0.0259970
 12.2522113  4.5938635 -1.1261205 -0.0807206 -0.0224110  0.0039751  0.0061589  0.0595268 -0.0188694
 12.3778751  4.4600666 -1.0549437 -0.1549657 -0.0475671  0.0257658 -0.0058926  0.0403239  0.0172532
 12.5035388  4.5770705 -1.0123962 -0.1202731 -0.0716017  0.0094417  0.0260555 -0.0379643  0.0152406
 12.6292025  4.5601724 -0.9281150 -0.1249552 -0.0049186 -0.1211187  0.0269554 -0.0114478  0.0318061
 12.7548662  4.5274307 -1.0719685 -0.0914669 -0.0896149 -0.0659941  0.0038520  0.0589045  0.0571296
 12.8805299  4.4189724 -0.9745526 -0.0486868  0.0508018 -0.0125320  0.0976890 -0.0185349 -0.0202094
 13.0061936  4.3086876 -1.0077080 -0.1256491 -0.0122331 -0.0466820  0.0237720  0.0973944 -0.0402259
 13.1318573  4.4844474 -1.0722709 -0.0134067 -0.0353826  0.0167840 -0.0124654  0.0052259 -0.0134934
 13.2575210  4.4798549 -0.9915614 -0.0515306  0.0816857 -0.0629797  0.0103010 -0.1279756  0.0065931
 13.3831847  4.4963391 -1.0630686 -0.0171175 -0.0390887 -0.0568323 -0.1923952 -0.0439120  0.0298430
 13.5088484  4.5259801 -1.0639744 -0.0010910 -0.0286917  0.0747385 -0.0836200 -0.0277072  0.0629183
 13.6345121  4.4817995 -1.0832178 -0.0106094 -0.0153438  0.0516235 -0.0064265 -0.0023249 -0.0258141
 13.7601758  4.5059727 -1.0336851  0.0231563 -0.0077994  0.1382640  0.0510345 -0.0066462  0.0015964
 13.8858395  4.4924628 -1.0800336 -0.0452904 -0.0465462  0.0167392 -0.0416765  0.0675466 -0.0620610
 14.0115032  4.5095359 -1.1871260 -0.1059881 -0.0993753 -0.1237943 -0.0151939 -0.0312998  0.0122678
 14.1371669  4.5446244 -1.1229596 -0.0081670 -0.0289362 -0.0478883 -0.0192113  0.0149317  0.0300534
 14.2628306  4.4584835 -1.2046989 -0.1414158 -0.0182144 -0.1291290  0.0076327  0.0641889 -0.0207732
 14.3884944  4.5185409 -1.0659224 -0.0304375  0.0596274  0.1051798  0.0565318 -0.0013832 -0.0747536
 14.5141581  4.4022806 -0.9983766 -0.1440402  0.1402274 -0.0035835  0.1455100 -0.0236245  0.0209480
 14.6398218  4.4149603 -1.0625956 -0.1547882  0.0108216  0.0104934  0.0001590  0.0592579 -0.0098573
 14.7654855  4.3915147 -0.9418041 -0.0387314  0.0751045  0.0863782 -0.0030200  0.0218013  0.1005985
 14.8911492  4.2384542 -1.1246642 -0.1322054  0.0222791  0.0137478 -0.0633376  0.0383149 -0.0278976
 15.0168129  4.4761876 -1.0828719 -0.0399288 -0.0111265  0.0983372 -0.0674314  0.0289331 -0.0986544
 15.1424766  4.4378539 -1.1233121 -0.1002614  0.0315958  0.0041452  0.0925683 -0.0058153 -0.0754300
 15.2681403  4.6002900 -1.0270672  0.0057104  0.0466484  0.0450464  0.1658752 -0.0251999 -0.0461438
 15.3938040  4.3291412 -0.8334892 -0.1736113  0.1168040  0.0361081  0.1472491 -0.0321155  0.0285743
 15.5194677  4.4126435 -0.9292434 -0.1391948 -0.0534253  0.0765479  0.0657294 -0.0775824 -0.0683769
 15.6451314  4.4332904 -0.7890683 -0.0612568  0.0494168  0.0566094  0.0806880  0.0318137 -0.0628022
 15.7707951  4.3315269 -0.9920384 -0.0339567 -0.0266680  0.0334253  0.0031719  0.0159751  0.0277952
 15.8964588  4.4487357 -1.0936243 -0.0153515  0.0434498  0.0436523  0.0146074  0.0493453  0.0042043
 16.0221225  4.4434406 -0.8004657 -0.0814863  0.0079440 -0.0219517 -0.0566770  0.0263011 -0.0017335
 16.1477862  4.4535667 -0.9640995  0.0001426  0.0134395  0.0041175  0.0903952  0.0251649  0.0283838
 16.2734499  4.6888540 -0.8503764 -0.0390530  0.0792619 -0.0138452  0.0921200 -0.0019685  0.1001347
 16.3991137  4.4743756 -0.8851068 -0.0512658  0.0245382  0.0400741  0.0560401  0.0074990  0.0849548
 16.5247774  4.5219367 -0.7997569  0.0082594 -0.0101039  0.1324596 -0.1233331 -0.0376675  0.0506831
 16.6504411  4.4616486 -0.8260270 -0.0389466  0.0510677  0.0160586 -0.0249222 -0.0222805  0.0080614
 16.7761048  4.5047913 -0.8833535 -0.0330549  0.0735784  0.0115717  0.1005183  0.1768995 -0.0307943
 16.9017685  4.4115779 -0.9583944 -0.0105163  0.0845671 -0.0491155  0.2788899  0.0588891 -0.0235394
 17.0274322  4.1329598 -1.0073126 -0.0818822  0.0551730  0.2327923  0.0727435 -0.0352786  0.0333131
 17.1530959  4.2646066 -0.8877868  0.0103837  0.0079388  0.3577535  0.1059217 -0.0235378 -0.0797154
 17.2787596  4.4270271 -0.6650812 -0.1009296  0.0938072 -0.0682614 -0.0666351  0.0620576  0.0654710
 17.4044233  4.6517752 -0.7743136  0.0309693  0.0325645  0.1464922  0.0220580  0.0242963  0.0132577
 17.5300870  4.3992951 -0.8894106 -0.0760441  0.0360193  0.0648057  0.1361712 -0.0066063 -0.0532584
 17.6557507  4.3015790 -0.9476777 -0.0823600 -0.1255791  0.0448002  0.0234986  0.0161925  0.0125639
 17.7814144  4.4317263 -0.9056065  0.0053034  0.0135166  0.0754837  0.1180209 -0.1067634  0.0182041
 17.9070781  4.3475848 -0.7910489 -0.1465034  0.0009564 -0.1237906 -0.0233260  0.0534309 -0.0592923
 18.0327418  4.4827499 -0.8427016  0.0410490  0.0026785  0.0515753  0.0565719  0.0627673  0.0094056
 18.1584055  4.6192194 -1.0041777 -0.0174346  0.0671302 -0.1650639  0.2120645 -0.0523592 -0.0121790
 18.2840692  4.4992279 -1.0028925  0.0130195  0.0105658 -0.1019906  0.0736102  0.0269209 -0.0469869
 18.4097330  4.4282417 -0.9856896 -0.0189957  0.0200228 -0.0159519  0.1150599  0.0007210  0.1254590
 18.5353967  4.4179400 -1.0553210 -0.1006856 -0.0072997 -0.0206156  0.1105803 -0.2423864  0.1390146
 18.6610604  4.3915981 -0.9004320 -0.0180989  0.1084148  0.1149935  0.1849500 -0.1363732  0.0813752
 18.7867241  4.3659465 -0.8211371 -0.1095476  0.0763068 -0.0043672 -0.0218584 -0.1847400  0.0560521
 18.9123878  4.4643957 -0.8298438 -0.0660134  0.0347106 -0.0223678 -0.2653248 -0.1198105  0.0078137
 19.0380515  4.5263490 -0.5736396 -0.1093402  0.1705299  0.0110404 -0.1150622 -0.0743531 -0.0684780
 19.1637152  4.4420820 -0.7189577 -0.1401574  0.0737034 -0.0906551 -0.0564232  0.0017700 -0.0208676
 19.2893789  4.5948927 -0.6452382 -0.0835996  0.1242811 -0.1966302  0.1096641 -0.0053801  0.1207979
 19.4150426  4.3949071 -0.7067646 -0.1051501  0.1290119 -0.1492252  0.0511224 -0.0208054  0.0708179
 19.5407063  4.6630706 -0.7555422  0.0510508  0.1180232 -0.0483741  0.0519885 -0.0148702  0.0996404
 19.6663700  4.4930087 -0.6580836 -0.1720220  0.1697955 -0.0076926  0.1455855 -0.0746726  0.0797566
 19.7920337  4.6605828 -0.7331801 -0.1184957 -0.0220780 -0.1208223 -0.0890126 -0.0394317 -0.1376749
 19.9176974  4.6918369 -0.6835362  0.0731321  0.0803749  0.1560120  0.0978273  0.0528251 -0.0826072
 20.0433611  4.4636184 -0.9119572 -0.0218848  0.0643289  0.1335260  0.0830902  0.1654936  0.1992728
 20.1690248  4.7133740 -0.6528056  0.1629504  0.0579774  0.2584868  0.0721296 -0.1106806  0.0087813
 20.2946885  4.4077912 -0.7060759  0.0512478  0.1076947  0.0592440  0.0483097 -0.0742715 -0.0380222
 20.4203522  4.3768659 -0.9850740 -0.0461590 -0.0633674  0.1308861 -0.1120550 -0.0263071  0.0212117
 20.5460160  4.3412898 -0.5815901 -0.0201684  0.0925634  0.0618124 -0.2897432 -0.0544389 -0.0693967
 20.6716797  4.5402849 -0.6813649 -0.0891330  0.0774210 -0.0202785 -0.0856506  0.0427946 -0.1084468
 20.7973434  4.7806957 -0.5679775  0.0669560  0.1063476 -0.0087821  0.0324358  0.0247497  0.0870897
 20.9230071  4.6348713 -0.6057259 -0.0898057  0.1467314 -0.1341303 -0.0988796  0.0569160 -0.1228389
 21.0486708  4.8887552 -0.9630866  0.1016109 -0.1392648  0.0659551 -0.0622853 -0.1790056 -0.0106973
 21.1743345  4.7271680 -0.7135190  0.0912424  0.0211383  0.0734961  0.1179129 -0.1667924 -0.0246061
 21.2999982  4.2144473 -0.9368928 -0.2403485 -0.0689236 -0.0081176  0.0197959 -0.0152767 -0.1246498
 21.4256619  4.5291762 -0.9444707  0.1376193 -0.1688612  0.2245884 -0.0120626  0.0517001 -0.1285521
 21.5513256  4.4326062 -0.7509797 -0.0039743 -0.0120849  0.1967389  0.0300615  0.0676844  0.0314183
 21.6769893  4.4215944 -0.7002521  0.0240823 -0.0782627  0.1710520 -0.2039593 -0.1348142 -0.0295887
 21.8026530  4.4718006 -0.7239610  0.0222617  0.1082335  0.1256434  0.0069973 -0.1654680 -0.1388260
 21.9283167  4.5656575 -0.8475473 -0.0095678 -0.0930699  0.0517920 -0.0926355  0.0216195 -0.1532895
 22.0539804  4.5232289 -0.6210535 -0.0229468  0.0629055  0.1896115 -0.0606958 -0.0443429  0.0621375
 22.1796441  4.4480895 -0.6871817 -0.1071217  0.0042354 -0.0024213  0.1984871 -0.1397278  0.2207015
 22.3053078  4.5778567 -0.6326831  0.0385517 -0.0437684  0.0528194 -0.0377817  0.0543723  0.0460831
 22.4309715  4.3753721 -0.4033178 -0.0801833 -0.0543205  0.0899492 -0.1867985 -0.0687002 -0.2278007
 22.5566353  4.4977955 -0.6449161 -0.0012759 -0.2371262 -0.0692983 -0.3277195 -0.0350289 -0.0364126
 22.6822990  4.6067596 -0.5627008  0.1207845 -0.2429047  0.1169416 -0.1947301 -0.1571165  0.0813741
 22.8079627  4.3870567 -0.5850014  0.1297271 -0.0443997  0.0669747 -0.0672405 -0.0519070  0.1793067
 22.9336264  4.3143966 -0.7565157 -0.0091020 -0.0178019 -0.0903381  0.0100553 -0.1885570  0.0254675
 23.0592901  4.4449465 -0.7382218 -0.0625837 -0.1708488 -0.1366817  0.1774946 -0.0307340 -0.0217818
 23.1849538  4.2535295 -0.9804230  0.0927046 -0.1607994  0.1171781  0.3257895  0.1597389  0.2167761
 23.3106175  4.0936013 -0.7545131 -0.0868344  0.1309491  0.0432729  0.4895421  0.0636694  0.1248759
 23.4362812  4.3725399 -1.0358074 -0.1441098 -0.0717865 -0.3945240  0.2491117  0.1522354 -0.1923865
 23.5619449  4.6599992 -0.6805381  0.1116061  0.0476549  0.0457012  0.1881137  0.1132230 -0.5536393
 23.6876086  4.4109572 -0.5567675  0.0745729  0.0470514  0.0108516  0.1052978  0.1829174 -0.1108734
 23.8132723  4.5309084 -0.4677144  0.2564565  0.0939366  0.3014259 -0.1331638 -0.0755042 -0.0467649
 23.9389360  4.5048338 -0.6535994  0.0333017  0.0293317 -0.0875261 -0.0421809 -0.1732658 -0.0120284
 24.0645997  4.5760467 -0.8461818  0.0194046 -0.1562521 -0.0347206 -0.0257026  0.1187390  0.0589719
 24.1902634  4.3410052 -0.6593582  0.1424207  0.0674006 -0.0735338 -0.0092548  0.0609489  0.1585604
 24.3159271  4.1981568 -0.8545090 -0.1658638 -0.0941332 -0.1243579 -0.2939443  0.0016894 -0.0599539
 24.4415908  4.5915776 -0.8808416  0.2316733  0.1842384  0.1570163  0.0815904 -0.0325444  0.0330049
 24.5672546  4.6612261 -0.9410533 -0.1307824  0.2020911 -0.1482967  0.2366873 -0.0399125 -0.1607780
 24.6929183  4.6508646 -0.9022761 -0.0394536 -0.1687843  0.0557338 -0.2162375  0.1701084 -0.0173046
 24.8185820  4.4235716 -0.6316043 -0.0725057  0.0632992 -0.0245145  0.1416387  0.0607700  0.0916609
 24.9442457  4.3868471 -0.4367411 -0.1314922 -0.0773610 -0.2210421 -0.2172813 -0.0352744  0.0633203
 25.0699094  4.5514848 -0.5010369  0.0501198  0.0132894  0.1703892 -0.3025008  0.0654709 -0.1211774
 25.1955731  4.2472129 -0.5194950 -0.1069336  0.0466962 -0.0513932  0.1582252 -0.0702377 -0.2508355
 25.3212368  4.4500608 -0.6996322 -0.0576177 -0.0548707  0.0622903 -0.0739695 -0.0316527 -0.0184585
 25.4469005  4.8138469 -0.5776584  0.1825835  0.1716976  0.0747063  0.3479335 -0.1815095  0.0487909
 25.5725642  4.5313538 -0.8341672 -0.1160010 -0.0214792 -0.0538283  0.1037537 -0.0876708  0.2694683
 25.6982279  4.6054991 -0.6116078 -0.0658271 -0.0413173  0.1632113 -0.1483465 -0.0923997  0.0803092
 25.8238916  3.8783296 -0.3879087 -0.2994828  0.1292955 -0.0699980 -0.0873112 -0.2530401 -0.0305732
 25.9495553  4.3677403 -0.8281223 -0.1226293 -0.2523568 -0.0456707 -0.5338902 -0.2626336 -0.1225032
 26.0752190  4.5289910 -0.3711292 -0.1428403  0.0815991  0.1604108 -0.1641574  0.0746972  0.0405702
 26.2008827  4.5899348 -0.8369896 -0.2287771 -0.0185456 -0.0404647 -0.0484304  0.0747734  0.0818193
 26.3265464  4.5545102 -0.7305623  0.0973026  0.0414268  0.0118052  0.2139481  0.0790962  0.1059279
 26.4522101  4.1442447 -1.0013499 -0.0596493  0.0106552  0.1427471  0.1232931  0.0638447  0.0046866
 26.5778738  4.7787036 -1.0204228  0.3223696 -0.2905446  0.3314417  0.1543778 -0.2507130 -0.3970199
 26.7035376  4.5904928 -0.5102541  0.0629275  0.0895892 -0.3533076  0.1818872 -0.3148607 -0.2558504
 26.8292013  4.8061887 -0.9828261 -0.0960527 -0.3193283 -0.2301447  0.0582590  0.0803308 -0.2706055
 26.9548650  4.6375637 -0.4634200  0.0361211 -0.0872037  0.0727464 -0.1467898  0.0137967 -0.1277605
 27.0805287  4.3746255 -0.4447647  0.0528398  0.1036971  0.0883103  0.0318233 -0.1064458  0.2054215
 27.2061924  4.3331481 -0.4790384 -0.0248884 -0.0471737  0.2179117  0.1269836  0.0907555 -0.2538181
 27.3318561  4.5734494 -0.7256747  0.1793912 -0.0148931  0.1877051  0.1699506  0.0514926 -0.2361251
 27.4575198  4.5500043 -0.6722785  0.1909863 -0.1532821  0.0303719  0.1267541 -0.1003756 -0.0092754
 27.5831835  4.5916078 -0.8579346 -0.1523088  0.0899139 -0.3232393  0.0983578 -0.0072208 -0.3878957
 27.7088472  4.1707258 -0.8187991 -0.5076875 -0.3058237 -0.1161018 -0.0260800 -0.2451442 -0.1145411
 27.8345109  4.3291415 -0.7801394  0.0647591 -0.3349536  0.3955088  0.1601738 -0.3779137 -0.0288796
 27.9601746  4.0552602 -0.7266451 -0.1503858 -0.0262311  0.3900115 -0.1890288 -0.1853601 -0.0394081
 28.0858383  4.3060072 -0.5568192 -0.1321931 -0.1837934  0.4968153 -0.3567809 -0.0194126  0.1473760
 28.2115020  4.7401201 -0.2726130  0.1402121  0.1994288  0.3518195  0.2609842 -0.1062047 -0.2063402
 28.3371657  4.2395209 -0.3147066 -0.1889936 -0.2779645  0.1244540 -0.1017471  0.1007812  0.0481071
 28.4628294  4.3620198 -0.2673643  0.1933355 -0.1858191  0.2543363 -0.2424428 -0.0207542 -0.0419292
 28.5884931  3.8178524 -0.4897210 -0.1320301 -0.1566660 -0.2142887 -0.0318807  0.1199421  0.0745100
 28.7141569  4.5673773 -0.6039262  0.2185376  0.0139290 -0.0340127  0.0035362  0.2141017 -0.0507514
 28.8398206  4.1020179 -0.8026530 -0.1757489  0.3007105 -0.1931916  0.3789853 -0.0875780 -0.2268000
 28.9654843  4.8461471 -1.3395382  0.1124374 -0.2362773  0.0821642 -0.1766605  0.1269952 -0.1026485
 29.0911480  4.8351238 -0.5028004 -0.0344767  0.0819358  0.0128154  0.1861000 -0.0034165  0.1680981
 29.2168117  4.3132037 -0.7788705 -0.3672496 -0.1513028 -0.3443676 -0.2498013  0.0555776 -0.1261060
 29.3424754  5.0271446 -0.2910363 -0.0597324 -0.0849913 -0.1622854 -0.3679495  0.1936239  0.0677314
 29.4681391  4.6357245 -0.5322844 -0.1090938 -0.0070896 -0.0902095 -0.0360324 -0.1123934  0.0399823
 29.5938028  4.8797890 -0.5785594  0.2369395 -0.2782485  0.0749587 -0.2058284 -0.2187914  0.0877330
 29.7194665  4.4106980 -0.2017847  0.0046390  0.0113180  0.1772271 -0.1744232 -0.0718156  0.0521886
 29.8451302  4.7279296 -0.7409191  0.0862326 -0.1875307  0.1696463 -0.2145931 -0.0174946  0.1823485
 29.9707939  4.7140768 -0.0168056  0.0362414 -0.0936603 -0.1349814 -0.4100817 -0.4918823 -0.1531402
 30.0964576  4.3711923 -0.1749485 -0.2854927  0.0815915 -0.0123503 -0.2279099 -0.3238866 -0.0046432
 30.2221213  4.3542136 -0.5231222 -0.1263400 -0.2108097  0.3117266  0.1726775  0.0245388 -0.1787393
 30.3477850  4.3439603 -0.9336191 -0.2974525 -0.0539045  0.0325135  0.1327157  0.3590221  0.0386617
 30.4734487  4.2997125 -0.6252173 -0.2663120 -0.4095142 -0.1168608  0.0121364 -0.1288506 -0.1099974
 30.5991124  4.4804164 -0.5468307  0.1528400 -0.2578435 -0.0422414  0.5121519  0.4336027  0.1249714
 30.7247762  4.2156730 -0.4584804  0.0330131 -0.0970627  0.0610668  0.2167141  0.1733005 -0.0713198
 30.8504399  4.1227929 -0.6387173  0.1449308 -0.4080969  0.3645390  0.0472326  0.0468734  0.0539170
 30.9761036  4.3648866 -0.6596637  0.3149471 -0.0738236 -0.1808767  0.2006891  0.0277964  0.0856086
 31.1017673  4.5367506 -0.5923210  0.4200380 -0.0241717 -0.0189396 -0.0744203 -0.2786546  0.0321726
 31.2274310  4.8042123 -0.6816508  0.2776478 -0.0264679 -0.0897269  0.2794741  0.1125056 -0.2655834
 31.3530947  4.3719024 -1.3650191 -0.0299334 -0.0420545 -0.1160022  0.3484516  0.0406377 -0.3333822
 31.4787584  5.2693503 -1.0680148  0.1908409  0.0585394  0.2414145  0.5159304 -0.3764607  0.1550242
 31.6044221  4.9163003 -0.5344849 -0.1829088 -0.0791688 -0.5027603  0.3167960 -0.5857339  0.0624402
 31.7300858  4.5643110 -0.4346380 -0.0727184 -0.2151310 -0.3657541  0.2035014 -0.2657274 -0.2061022
 31.8557495  4.2744674  0.0025030  0.0796838 -0.0285748  0.2770129  0.6621004 -0.0251830 -0.3688738
 31.9814132  4.1859543 -0.4394362 -0.0817816 -0.2618549 -0.4952511  0.2962564 -0.3064148 -0.1850973
 32.1070769  4.0204166 -0.8223273  0.0442415 -0.3003288 -0.0547492  0.2771820  0.1474282 -0.3215997
 32.2327406  3.5538902 -0.8817727 -0.2453351 -0.1845823  0.1148537  0.5046872 -0.2478653 -0.0208494
 32.3584043  3.5777614 -0.8005276  0.0420715 -0.4884796  0.3789314 -0.1211792 -0.3720602  0.0201488
 32.4840680  4.1750495  0.1175587  0.1249173  0.0057360  0.0120175  0.1944218 -0.3558493  0.0865912
 32.6097317  3.7251007 -0.0536494 -0.0384941  0.0083268  0.0793737 -0.3650370  0.0198670 -0.3955143
 32.7353955  3.6413828  0.0716139  0.0792356 -0.1966131  0.8062340 -0.5506549 -0.2240014 -0.3052033
 32.8610592  3.6377107 -0.0518771 -0.0451109 -0.2094774  0.0009194 -0.1869269  0.0627091 -0.2948298
 32.9867229  4.5044290 -0.7586669  0.6852140 -0.2398541  0.2062312 -0.2323386  0.1650840 -0.0375683
 33.1123866  4.2513722 -0.3077544  0.1709845  0.2859304  0.1129761  0.0437058  0.2485506 -0.0206060
 33.2380503  4.2138942 -0.4043380 -0.2476063 -0.1725805 -0.2962962 -0.1555176  0.0325108  0.1904814
 33.3637140  4.5327572 -0.2686755  0.2692599  0.1850248 -0.2916379  0.2288250 -0.5062367  0.4848996
 33.4893777  4.6209937 -0.6982460  0.0014715  0.1997926 -0.1148264  0.3994628 -0.5971041  0.2326544
 33.6150414  5.1576184 -0.7619881  0.1569063 -0.1515528  0.2979449  0.1230159 -0.5061449  0.3619223
 33.7407051  4.4401294 -0.2935488 -0.2412388 -0.0172757  0.0623164  0.4192716 -0.3396402 -0.0661364
 33.8663688  4.5067362 -1.0371534  0.2136127 -0.2227901  0.5216504  0.3577110  0.0017210 -0.0252414
 33.9920325  4.4794316 -0.4426580  0.0363591  0.0446724  0.3935778  0.7651358  0.0515719  0.3689760
 34.1176962  4.0467762  0.2108723  0.2853799 -0.0186830  0.7108652  0.1429191 -0.1047999 -0.1051405
 34.2433599  4.5433521 -0.0971209  0.5033657 -0.1220005  0.2364086 -0.2049481  0.3351003  0.4721629
 34.3690236  4.5775687 -0.0482891  0.3259017 -0.0321298  0.3524993  0.2357262  0.3064925  0.0892804
 34.4946873  4.6342679 -0.0288870  0.3267077 -0.2969532  0.4347619 -0.3741048  0.1310754  0.2998042
 34.6203510  4.6972237 -0.1475134  0.2631064 -0.1806739 -0.4133037 -0.2553596  0.1423046 -0.4004763
 34.7460147  4.1782963 -0.4359268  0.3241664 -0.4506516  0.0893936 -0.7748035 -0.0238933 -0.0566956
 34.8716785  3.2896241 -0.7801226  0.0997921 -0.2710935  0.4635283 -0.1409190 -0.2868859  0.0694771
 34.9973422  4.1048013 -0.8915106  0.3119606 -0.2338653  0.0233186 -0.0219013 -0.6233030  0.1981372
 35.1230059  4.5948128 -0.7000100  0.4246641 -0.1424343  0.3245898 -0.4648408 -0.1796170  0.0171325
 35.2486696  4.4633997 -0.4116653  0.3724009  0.0533676 -0.1206683  0.2777432 -0.3370012 -0.1819176
 35.3743333  4.4571306 -0.9219734  0.3471551 -0.3619426 -0.4244254 -0.1083146 -0.1637075 -0.1830813
 35.4999970  4.5732210 -0.6475789  0.3350362  0.0475221 -0.2398630  0.0813721 -0.1887625 -0.0665379
 35.6256607  4.5464568 -1.1800842  0.0161952 -0.2337490 -0.6589013 -0.0522557  0.0841649  0.0037394
 35.7513244  4.2087192 -1.2367132  0.1814845 -0.0114795 -0.0621044  0.2614176 -0.0986948 -0.3640228
 35.8769881  4.5272552 -0.4173357 -0.1153432  0.5287246 -0.7745594 -0.1311229  0.2261602 -0.1773164
 36.0026518  4.4960622 -0.9921977 -0.2469142 -0.0101964 -0.2558977 -0.4134360 -0.0658287  0.0867303
 36.1283155  4.2855219 -0.3563260 -0.0662211  0.1622217  0.5512858  0.4284446 -0.0289401 -0.3620886
 36.2539792  3.5984479 -1.0242684 -0.4255152 -0.0039616  0.4748754  0.7744091 -0.1243862 -0.4058289
 36.3796429  4.4743646 -0.5283596 -0.1231077  0.1162763 -0.0040181 -0.1051952 -0.2454982 -0.2064733
 36.5053066  4.7027379  0.7116304  0.1980530  0.3696130 -0.2932743 -0.4193835  0.1291209 -0.5693171
 36.6309703  5.0151095  0.2681171  0.2234494  0.0070565 -0.1830732 -0.9642804 -0.0140296  0.2469322
 36.7566340  4.5385645 -0.0242170  0.2567155  0.4247079  0.3827131 -0.7596755  0.2146726  0.2814421
 36.8822978  4.0051975 -0.3104862 -0.5315436 -0.2669195  0.3977984 -1.0439145 -0.0403567 -0.2512943
 37.0079615  4.3271252  0.4751664  0.2042482  0.0107391  0.9910893 -0.4934117  0.1212940 -0.1493126
 37.1336252  3.8552294 -0.0092204 -0.3303678  0.1996844  0.3533600  0.2421806 -0.1607928 -0.0936452
 37.2592889  4.4968698 -0.9923895  0.1829185 -0.3185209  0.3658244 -0.5641472 -0.1002474  0.2714519
 37.3849526  5.0333383  0.0103630 -0.0315712  0.2721103  0.5751367  0.7421059 -0.1533592  0.0559147
 37.5106163  4.1413755 -0.5334026 -0.0411732 -0.4214553  0.1533834  0.3667092  0.1020730  0.1248435
 37.6362800  4.2273749 -0.5933822  0.2265919 -0.2473310  0.3809317 -0.0636782  0.2354342  0.0475630
 37.7619437  3.3056670 -0.1449856 -0.1887438 -0.5476311  0.3162671 -0.3217910 -0.2856547 -0.4271939
 37.8876074  3.7862934 -0.1780576  0.5830040 -0.3883243  0.7743234 -0.3007849  0.2627886 -0.4370369
 38.0132711  3.7411361 -0.3315223  0.1148114 -0.1488149 -0.2297148  0.2464035  0.1644350  0.0450160
 38.1389348  3.8078118 -0.5951933  0.2081701 -0.2684733  0.1908479 -1.0790676 -0.2693128  0.3121587
 38.2645985  4.2542421  0.1914997 -0.1106765  0.0862939  0.4753905 -0.6477323 -0.0888604 -0.0251087
 38.3902622  4.2539358 -0.0938538  0.1635401 -0.3386721 -0.1487045 -0.9068480  0.3356664  0.0115256
 38.5159259  4.2566036 -0.9003692  0.3796966  0.1145003 -0.0860150 -0.2209715  0.0159315  0.0461930
 38.6415896  4.1833969 -0.2784354 -0.2002629  0.1542599  0.0400573 -0.1844328  0.0173363 -0.1344263
 38.7672533  4.4861383 -0.7036133 -0.2161189 -0.0218016 -0.1475063 -0.6141369 -0.8571667  0.3995885
 38.8929171  4.6858170 -0.7328592  0.0172372 -0.3093972  0.1336924  0.1955109  0.0696662  0.2500707
 39.0185808  4.2841542 -1.1723318  0.1358645 -0.4931760 -0.6038622  0.3429240  0.6288954 -0.2654198
 39.1442445  4.4227933 -0.7696593  0.2566529 -0.0730530 -0.2097742 -0.0561056  0.1240905 -0.3114718
 39.2699082  3.1796655 -1.0186424 -0.1536397 -0.0013494 -0.2453246  0.0405667  0.2633789 -0.3019729
 39.3955719  4.6706775 -1.4635736  0.0351518  0.2088193 -0.0523818 -0.2882067  0.2598318 -0.0687735
 39.5212356  4.4531427 -0.6436449 -0.0670514  0.0925277  0.3771386 -0.2650519  0.0334965 -0.3994077
 39.6468993  3.9700320 -1.8164345 -0.6158731 -0.4160203 -0.1346051 -0.1047211  0.6883989  0.3828498
 39.7725630  4.8079348 -0.8257160 -0.4111329 -0.3330300  0.1919361 -0.1971439 -0.2438553 -0.5870234
 39.8982267  3.8153345 -0.6466122 -0.6783866 -0.5860138 -0.0307006 -0.9408564  0.2973649 -0.2082058
 40.0238904  5.0561251 -0.9075056 -0.0937539 -0.2679914  0.0059774 -0.5385723  0.0877606  0.6494708
