#w_matsubara  g11_Re     g11_Im     g12_Re     g12_Im     g13_Re     g13_Im     g12_nambu_Re     g12_nambu_Im     
 0.0628319  5.5785705 -0.2025626 -0.4440786 -0.0332615 -0.3572167  0.0528807  0.3746761 -0.0003236
 0.1884956  5.5897672 -0.5424227 -0.4390577 -0.0907913 -0.3476920  0.1280185  0.3038380  0.0001642
 0.3141593  5.6042647 -0.7870830 -0.4313328 -0.1359059 -0.3358254  0.1532447  0.2261817 -0.0005549
 0.4398230  5.6189360 -0.9706678 -0.4250067 -0.1714018 -0.3255215  0.1533446  0.1659074  0.0001368
 0.5654867  5.6340406 -1.1136523 -0.4163148 -0.1975398 -0.3153940  0.1472024  0.1236851 -0.0000260
 0.6911504  5.6396474 -1.2343480 -0.4137257 -0.2237625 -0.3077372  0.1333691  0.0980402 -0.0013757
 0.8168141  5.6347655 -1.3367667 -0.4190449 -0.2411998 -0.3069403  0.1207607  0.0759772  0.0012951
 0.9424778  5.6342229 -1.4267656 -0.4168918 -0.2555243 -0.2984690  0.1125343  0.0653194  0.0024002
 1.0681415  5.6232480 -1.5093576 -0.4175775 -0.2653292 -0.2892032  0.1093117  0.0524369 -0.0001597
 1.1938052  5.6157898 -1.5746872 -0.4151799 -0.2751820 -0.2735076  0.1012555  0.0410196 -0.0036323
 1.3194689  5.5996268 -1.6375740 -0.4162812 -0.2830609 -0.2631735  0.0955954  0.0357727 -0.0068969
 1.4451326  5.5908790 -1.6910177 -0.4131169 -0.2893206 -0.2557573  0.0957737  0.0339996 -0.0004605
 1.5707963  5.5637701 -1.7364383 -0.4109862 -0.2942647 -0.2383164  0.0919352  0.0275877 -0.0027606
 1.6964600  5.5447066 -1.7723234 -0.4081894 -0.2977928 -0.2273601  0.0835668  0.0261335  0.0006252
 1.8221237  5.5293286 -1.8053109 -0.4035698 -0.2996108 -0.2232002  0.0812641  0.0227409 -0.0008026
 1.9477874  5.5072356 -1.8315131 -0.4011748 -0.2959800 -0.2180460  0.0725799  0.0230958  0.0005523
 2.0734512  5.4840007 -1.8642134 -0.4020599 -0.2892541 -0.2112977  0.0757569  0.0215226 -0.0014947
 2.1991149  5.4521343 -1.8879082 -0.3960342 -0.2864742 -0.1954001  0.0800920  0.0167515 -0.0042897
 2.3247786  5.4289508 -1.9080011 -0.3830348 -0.2821142 -0.1740508  0.0715800  0.0124795 -0.0018249
 2.4504423  5.4108398 -1.9236660 -0.3825318 -0.2674721 -0.1646762  0.0770385  0.0152972 -0.0016940
 2.5761060  5.3801064 -1.9284521 -0.3824219 -0.2634885 -0.1600413  0.0687497  0.0063262  0.0070807
 2.7017697  5.3579177 -1.9352773 -0.3764399 -0.2526543 -0.1528775  0.0589552  0.0069615  0.0086001
 2.8274334  5.3357106 -1.9470655 -0.3792988 -0.2544352 -0.1398451  0.0549128  0.0179845 -0.0013375
 2.9530971  5.3124610 -1.9402638 -0.3831345 -0.2553423 -0.1354853  0.0531427  0.0107761  0.0061227
 3.0787608  5.2846706 -1.9484581 -0.3753786 -0.2591436 -0.1245355  0.0537225  0.0069978  0.0062138
 3.2044245  5.2662265 -1.9363145 -0.3594276 -0.2422202 -0.1155982  0.0654961  0.0010442  0.0121088
 3.3300882  5.2360097 -1.9363914 -0.3486854 -0.2418592 -0.1066190  0.0394919  0.0035390  0.0082475
 3.4557519  5.2170547 -1.9338239 -0.3404756 -0.2351211 -0.1010748  0.0272897  0.0007101 -0.0037572
 3.5814156  5.1999596 -1.9222289 -0.3415513 -0.2204770 -0.1034439  0.0306045 -0.0020485 -0.0121377
 3.7070793  5.1776480 -1.9021452 -0.3418764 -0.1985246 -0.0967522  0.0438972 -0.0001131 -0.0048730
 3.8327430  5.1641593 -1.8980011 -0.3297467 -0.1958870 -0.0850170  0.0397002  0.0053967  0.0038733
 3.9584067  5.1472270 -1.9100938 -0.3281225 -0.2017698 -0.0701957  0.0260834  0.0101483  0.0047057
 4.0840704  5.1269705 -1.9029414 -0.3221399 -0.2004017 -0.0718556  0.0304611  0.0022657  0.0070826
 4.2097342  5.1055484 -1.8843594 -0.3112346 -0.1963408 -0.0747728  0.0395927  0.0090528  0.0007474
 4.3353979  5.0963646 -1.8570911 -0.3035371 -0.1887624 -0.0690349  0.0097674 -0.0150651 -0.0046450
 4.4610616  5.0535528 -1.8682396 -0.3018655 -0.1818956 -0.0552855  0.0272067 -0.0084434 -0.0002302
 4.5867253  5.0403665 -1.8499303 -0.2966573 -0.1821844 -0.0611995  0.0107298 -0.0022421 -0.0101785
 4.7123890  5.0025391 -1.8360843 -0.2873047 -0.1707826 -0.0477816  0.0274219 -0.0072949 -0.0013665
 4.8380527  4.9793283 -1.8191796 -0.2841336 -0.1486406 -0.0532276  0.0239105  0.0099527  0.0060783
 4.9637164  4.9724162 -1.8330588 -0.2846058 -0.1525201 -0.0525086  0.0379059 -0.0091757  0.0012858
 5.0893801  4.9408557 -1.8396893 -0.2722225 -0.1621657 -0.0414254  0.0222711  0.0088986 -0.0119200
 5.2150438  4.9602798 -1.8109319 -0.2601839 -0.1494311 -0.0359299  0.0237724  0.0087139 -0.0212957
 5.3407075  4.9420563 -1.7767355 -0.2588839 -0.1313755 -0.0167506  0.0232580  0.0103662 -0.0022699
 5.4663712  4.9336515 -1.7604658 -0.2567897 -0.1402743 -0.0461924  0.0186333  0.0206961 -0.0095811
 5.5920349  4.9355439 -1.7466829 -0.2560541 -0.1309158 -0.0664642  0.0231542  0.0023365 -0.0058127
 5.7176986  4.9365789 -1.7185471 -0.2506424 -0.1234775 -0.0697717  0.0247315 -0.0046522 -0.0072741
 5.8433623  4.9137262 -1.7387321 -0.2394680 -0.1286503 -0.0443183  0.0115530 -0.0236913 -0.0092468
 5.9690260  4.9051708 -1.7498061 -0.2378062 -0.1425076 -0.0575667  0.0112935  0.0012978 -0.0122622
 6.0946897  4.8669140 -1.6713634 -0.2296923 -0.1193519 -0.0401334  0.0211682 -0.0044128 -0.0023214
 6.2203535  4.8142621 -1.6557881 -0.2287207 -0.1030230 -0.0374657 -0.0104180  0.0211064  0.0120036
 6.3460172  4.8348133 -1.6433930 -0.2286525 -0.1057638 -0.0510404 -0.0395106  0.0079036 -0.0043197
 6.4716809  4.8476154 -1.6767206 -0.2166422 -0.1396345 -0.0169762 -0.0516919 -0.0220647 -0.0017256
 6.5973446  4.8405072 -1.6845414 -0.2306677 -0.1293554 -0.0331423 -0.0080644 -0.0152437  0.0059264
 6.7230083  4.8453244 -1.6729211 -0.2286952 -0.1200220 -0.0432655  0.0023870 -0.0170364  0.0001961
 6.8486720  4.8255159 -1.6438063 -0.2065954 -0.1127081 -0.0253882  0.0182862  0.0208517 -0.0014886
 6.9743357  4.7936743 -1.6121017 -0.2159612 -0.1076764 -0.0109153 -0.0000322  0.0292944 -0.0118454
 7.0999994  4.7755909 -1.6000744 -0.2365377 -0.0898089 -0.0120084 -0.0291101  0.0342108  0.0184252
 7.2256631  4.7862231 -1.5858396 -0.2196781 -0.0785223  0.0049808 -0.0087907  0.0167389  0.0123046
 7.3513268  4.7622419 -1.5627080 -0.2047728 -0.0826252  0.0174649  0.0160515  0.0292259 -0.0018911
 7.4769905  4.7456874 -1.5706279 -0.2126706 -0.0928711 -0.0130552  0.0397137  0.0054502 -0.0325427
 7.6026542  4.6989206 -1.5379421 -0.2114622 -0.0950557  0.0002658  0.0003015  0.0077902 -0.0021283
 7.7283179  4.7312366 -1.4981885 -0.1966554 -0.0756012 -0.0377565  0.0147165  0.0398575 -0.0199524
 7.8539816  4.7633417 -1.5040389 -0.1998115 -0.0701792 -0.0496788  0.0504514  0.0194750 -0.0112988
 7.9796453  4.6892709 -1.5065283 -0.2066758 -0.1001521 -0.0321212 -0.0195504  0.0445121 -0.0086370
 8.1053090  4.6914933 -1.4843966 -0.1742550 -0.0629606 -0.0195945  0.0162566  0.0319916 -0.0271149
 8.2309728  4.6971078 -1.4565024 -0.1802530 -0.0491322 -0.0433199 -0.0095239  0.0424185 -0.0277552
 8.3566365  4.6734494 -1.4074724 -0.1938704 -0.0398292 -0.0431319 -0.0070643  0.0379613 -0.0364161
 8.4823002  4.6575603 -1.4121942 -0.1954945 -0.0451790 -0.0286861  0.0017661  0.0195483 -0.0126152
 8.6079639  4.6977065 -1.3862105 -0.1776595 -0.0205898 -0.0360325  0.0190035  0.0053792  0.0116307
 8.7336276  4.6955901 -1.3835751 -0.1579570 -0.0381903 -0.0210531  0.0086640  0.0000296  0.0150514
 8.8592913  4.6537035 -1.3925214 -0.1560478 -0.0675406 -0.0031496 -0.0255385 -0.0008627  0.0233090
 8.9849550  4.6454377 -1.4012810 -0.1547790 -0.0627981 -0.0160662 -0.0288105 -0.0140666  0.0131173
 9.1106187  4.6610064 -1.4025243 -0.1746484 -0.0415500 -0.0429379 -0.0047244  0.0284700  0.0041044
 9.2362824  4.6770808 -1.3566390 -0.1851476 -0.0562208 -0.0843011 -0.0040864  0.0407368  0.0013645
 9.3619461  4.6876066 -1.3112656 -0.1364717 -0.0361595 -0.0677568 -0.0148214  0.0258295  0.0035864
 9.4876098  4.6957566 -1.3176277 -0.1353175 -0.0018626 -0.0201606 -0.0174972  0.0148163  0.0272285
 9.6132735  4.6355699 -1.3253329 -0.1562973 -0.0223300  0.0144443  0.0222460 -0.0210021  0.0396748
 9.7389372  4.6059042 -1.3217082 -0.1570252 -0.0267403 -0.0139126  0.0437514  0.0293572  0.0137149
 9.8646009  4.5751457 -1.2921259 -0.1437487 -0.0209642 -0.0312902 -0.0066863  0.0142807 -0.0104467
 9.9902646  4.5880670 -1.3116690 -0.1575420 -0.0346548  0.0015367 -0.0306563 -0.0015661 -0.0130589
 10.1159283  4.6217034 -1.3534070 -0.1501621 -0.0532810  0.0209086  0.0086442  0.0071661 -0.0000497
 10.2415921  4.6314708 -1.3372567 -0.1630213 -0.0593662 -0.0259732 -0.0040576  0.0533028  0.0064801
 10.3672558  4.5650497 -1.2808091 -0.2142248 -0.0555466 -0.0571259  0.0227184 -0.0194169  0.0016191
 10.4929195  4.5782510 -1.2754226 -0.1819522 -0.0670489 -0.0353005 -0.0025807  0.0060180  0.0209342
 10.6185832  4.5404711 -1.2454208 -0.1624496 -0.0379358 -0.0542951 -0.0270504  0.0687433  0.0361925
 10.7442469  4.5350673 -1.2055949 -0.1573901 -0.0281631 -0.0113220 -0.0004966 -0.0062138  0.0414556
 10.8699106  4.5548951 -1.2327233 -0.1759898 -0.0410038 -0.0065881 -0.0151576  0.0437143  0.0144020
 10.9955743  4.5620900 -1.1752977 -0.1794260 -0.0299917  0.0101814 -0.0064312  0.0339162  0.0304926
 11.1212380  4.6306895 -1.1658724 -0.1563728 -0.0306085 -0.0272998 -0.0235733  0.0093063 -0.0327323
 11.2469017  4.6148234 -1.1136942 -0.1743184 -0.0515747 -0.0257970 -0.0468452  0.0156814  0.0215640
 11.3725654  4.5805724 -1.2007991 -0.1688587 -0.0603282 -0.0377325  0.0537773 -0.0254047 -0.0328160
 11.4982291  4.5361290 -1.1148850 -0.1272777 -0.0182432 -0.0280557  0.0541786  0.0040859 -0.0269132
 11.6238928  4.5675922 -1.1609536 -0.1060108 -0.0189537 -0.0402921 -0.0044672  0.0744418  0.0135128
 11.7495565  4.5431153 -1.1522355 -0.1365685 -0.0411329 -0.0187875 -0.0524822  0.0459725  0.0047755
 11.8752202  4.5794176 -1.1161797 -0.1229405 -0.0119100 -0.0192661  0.0174547  0.0343553 -0.0672459
 12.0008839  4.5356526 -1.0955867 -0.1231918  0.0114831  0.0471894  0.0409973  0.0091666 -0.0363706
 12.1265476  4.5322162 -1.1484090 -0.1165800 -0.0012293  0.0119964 -0.0020650  0.0293355  0.0041817
 12.2522113  4.5761167 -1.2376428 -0.0919580 -0.0235189 -0.0017779  0.0288197  0.0245876 -0.0286685
 12.3778751  4.6597715 -1.0897301 -0.1254269  0.0103963 -0.0312906  0.0536602 -0.0218823  0.0015226
 12.5035388  4.5846243 -1.0107133 -0.1519166  0.0033291 -0.0374698  0.0076288 -0.0436294  0.0233316
 12.6292025  4.5648401 -1.0320095 -0.1447788 -0.0303741  0.0469204 -0.0732253  0.0028585 -0.0582758
 12.7548662  4.6049562 -1.0102770 -0.1214102 -0.0228726  0.0565692 -0.0562245  0.0284193  0.0153228
 12.8805299  4.5281550 -1.0452745 -0.1538093 -0.0168637  0.0032698 -0.0719878 -0.0370492 -0.0452366
 13.0061936  4.5274525 -1.0353436 -0.1587845 -0.0177581  0.0081776 -0.0621206 -0.0263436  0.0506225
 13.1318573  4.5861470 -1.0312528 -0.1025202 -0.0363354  0.0777287 -0.0033149 -0.0092505  0.0921120
 13.2575210  4.4621292 -1.0139362 -0.1579359 -0.0351848  0.0853436  0.0657579  0.0018394  0.0592331
 13.3831847  4.4253958 -0.9909702 -0.1214549  0.0047775  0.0182226  0.0740541  0.0707973  0.0484387
 13.5088484  4.5381669 -1.0048001 -0.1126366 -0.0295458 -0.0564683  0.0277812  0.0568130  0.0093171
 13.6345121  4.5352372 -1.0388210 -0.0905816 -0.0806927 -0.0320928  0.1018469  0.0540873  0.0259972
 13.7601758  4.4755388 -1.0550114 -0.0888605 -0.0750010 -0.0244215  0.0616430  0.0178301  0.0485160
 13.8858395  4.4228714 -1.0663007 -0.0525258 -0.0636050  0.0348556  0.0572324 -0.0061961  0.0009639
 14.0115032  4.4760727 -1.1026865 -0.0456686 -0.0608130 -0.0151832  0.0716482 -0.0041178 -0.0340151
 14.1371669  4.4559918 -1.1983690 -0.0778155 -0.0806955 -0.0958385  0.1356329 -0.1238565  0.0293432
 14.2628306  4.4885343 -1.1041953 -0.1146752 -0.0012860 -0.1020180  0.1111912 -0.1068233 -0.0752816
 14.3884944  4.5707948 -0.9433012 -0.1125283  0.0035147 -0.1527592  0.0113061 -0.0405120  0.0305473
 14.5141581  4.5851457 -0.9535275 -0.0687380 -0.0968063 -0.1270416  0.0177447 -0.0392194 -0.0213043
 14.6398218  4.5032656 -1.0519970 -0.0824331 -0.0764743 -0.0763547 -0.0545686  0.0140243  0.0357822
 14.7654855  4.4697503 -1.0025203 -0.0471854 -0.0455492 -0.0045336  0.0293079  0.0195784 -0.0024950
 14.8911492  4.4061624 -1.0472366 -0.1142816  0.0002820 -0.0535589  0.0661881 -0.0168271  0.0323079
 15.0168129  4.4243213 -0.9707584 -0.1467119  0.0790594 -0.1395914  0.0760221  0.0353653  0.0401888
 15.1424766  4.4705679 -1.0879988 -0.1440826 -0.0295115 -0.1604892  0.0020004 -0.0023328  0.0227273
 15.2681403  4.5300253 -0.8861434 -0.1244640 -0.0196188 -0.1098512 -0.0216981 -0.0219499  0.0088395
 15.3938040  4.5329918 -0.8274772 -0.1154364 -0.0259244 -0.0142518  0.0112383 -0.0093585 -0.0582621
 15.5194677  4.4545800 -0.9308655 -0.1465575  0.0194473 -0.0317153  0.0474605  0.0107066  0.0361926
 15.6451314  4.4932136 -0.9161683 -0.0606849 -0.0067517  0.0456269 -0.0162994 -0.0229483  0.0147374
 15.7707951  4.4928208 -0.8119858 -0.0985147  0.0129185  0.0111617 -0.0859305  0.0357406 -0.0638317
 15.8964588  4.5934966 -0.9094970 -0.1027908 -0.0054239 -0.0680269 -0.0615232  0.0072366 -0.0185548
 16.0221225  4.6867909 -0.9615595 -0.0811976  0.0048033 -0.2057597  0.0062574  0.0262822 -0.0500377
 16.1477862  4.5492713 -0.8203230 -0.1504891  0.1052734 -0.0379849  0.0836053  0.1345470  0.0446591
 16.2734499  4.5886794 -0.8630701 -0.0933391  0.0422115  0.0785245 -0.0125608  0.0169860  0.0192354
 16.3991137  4.5138410 -0.9107735 -0.1063379 -0.0245057  0.0392465 -0.1140913 -0.0193951 -0.0227978
 16.5247774  4.5601860 -0.8863009 -0.0366299 -0.0349843  0.0628458 -0.1363521  0.1100331 -0.0842851
 16.6504411  4.5745183 -0.9563378 -0.1046337  0.0341861  0.0451082  0.0088532  0.0974913 -0.0839033
 16.7761048  4.4879449 -0.8723475 -0.1832319  0.0079255  0.1257523  0.0610948  0.0445119 -0.0871234
 16.9017685  4.5477864 -0.7676646 -0.1078301  0.0188871  0.0925383  0.0453655 -0.1046552 -0.0250361
 17.0274322  4.5248626 -0.8452563 -0.0805701 -0.0042506 -0.0588849 -0.0157738 -0.1178838  0.0298588
 17.1530959  4.5528979 -0.8024022 -0.0877897 -0.0481283 -0.0617047  0.0377427 -0.0487418  0.0063714
 17.2787596  4.6098599 -0.8575134 -0.0557078 -0.0827354 -0.0544928 -0.0052880 -0.0469443  0.1111391
 17.4044233  4.5857371 -0.9305886 -0.0910406 -0.0775193 -0.0847212  0.0061936 -0.0083390  0.0954555
 17.5300870  4.3824133 -1.0148900 -0.1927155 -0.1069545 -0.1204756  0.0857226  0.1034569 -0.0116951
 17.6557507  4.6801136 -0.7561704 -0.0512494 -0.1103156 -0.1398271  0.0399210  0.0210986 -0.0225749
 17.7814144  4.5595610 -0.5607463  0.0029504 -0.0671988 -0.1955032 -0.1403468  0.1147960 -0.0951101
 17.9070781  4.5234391 -0.6482731 -0.0876649 -0.0929428 -0.1048451 -0.0581167  0.0075749 -0.0076180
 18.0327418  4.4865685 -0.8711292 -0.0860530 -0.1960935  0.0565610 -0.0560091  0.0777968  0.0525203
 18.1584055  4.4494606 -0.8206807 -0.0215701 -0.0347423 -0.0309886 -0.0468169  0.0028539 -0.1695468
 18.2840692  4.5562234 -0.9139132 -0.1170978  0.0156097 -0.1438119 -0.0226795  0.0250207 -0.1046250
 18.4097330  4.3127690 -0.9689580 -0.1939909 -0.1144745  0.0672997  0.1197006 -0.0010031  0.1438931
 18.5353967  4.4000657 -0.8677957 -0.0888088 -0.0646176  0.0225311  0.1813095 -0.0314538  0.0756654
 18.6610604  4.4337944 -0.8100273 -0.1926274  0.0547982 -0.1122346  0.2046403  0.0237751 -0.0032867
 18.7867241  4.3433388 -0.7301794 -0.1014363 -0.0997680  0.0258054 -0.0616607 -0.0301250  0.0573511
 18.9123878  4.3975758 -0.7769578 -0.0068625 -0.0957481  0.1129488 -0.0292050  0.1207244  0.0323633
 19.0380515  4.5349913 -0.7420745 -0.0449367  0.0175406 -0.0829947 -0.0273270  0.0886784 -0.1107697
 19.1637152  4.4115228 -0.7887097 -0.1068941 -0.0179983 -0.1384056  0.1280151  0.1421640 -0.0107838
 19.2893789  4.2938526 -0.7748884 -0.1141906 -0.1199996 -0.1642320  0.0991952  0.0413250  0.0917126
 19.4150426  4.3183917 -0.7505368 -0.0839348 -0.1830477 -0.2221356  0.0279354  0.0786759  0.1395638
 19.5407063  4.1940540 -0.6644331 -0.1031618 -0.1304976 -0.1963410 -0.0256786 -0.0447838 -0.0728735
 19.6663700  4.0954311 -0.7174797 -0.1592798 -0.1238746 -0.1536517 -0.0182323  0.0165250 -0.0821716
 19.7920337  4.2680413 -0.5552678 -0.0262544 -0.0766174  0.0281547  0.0402191  0.0082020  0.1272929
 19.9176974  4.2474810 -0.6571058  0.0087989  0.0452586  0.0828524  0.1097763 -0.0921613 -0.0182555
 20.0433611  4.2563708 -0.7181140 -0.0385280  0.0541973 -0.0544818  0.1251321  0.0635402  0.0620781
 20.1690248  4.3090168 -1.0171346 -0.0315846  0.0180014  0.0455623  0.1884869  0.1293464  0.0995596
 20.2946885  4.5233707 -0.8581193 -0.0403630 -0.0006392  0.1105490  0.2357162  0.0084149 -0.0191602
 20.4203522  4.2676982 -0.7949948 -0.1076896 -0.0072781 -0.0400841  0.0878123 -0.0340817  0.0234223
 20.5460160  4.3668870 -0.7250968 -0.0834459  0.0091123 -0.0671415  0.1178736 -0.1150807 -0.0936375
 20.6716797  4.3868010 -0.7822123 -0.1192729 -0.0540084 -0.2032127  0.0373773 -0.0611672 -0.1103576
 20.7973434  4.4871621 -0.6741850 -0.0849453  0.0915777 -0.1024224  0.0918108 -0.0345226 -0.1371820
 20.9230071  4.3305243 -0.6933076 -0.0584871 -0.0697725 -0.0420844  0.0544489 -0.0213520 -0.2007510
 21.0486708  4.3294314 -0.6155967  0.0092818  0.0170476  0.0350421  0.1531528 -0.0243231 -0.0393061
 21.1743345  4.3632709 -0.4993997 -0.0184728  0.0790365  0.0226542 -0.1737342  0.0239885 -0.0954625
 21.2999982  4.3726735 -0.6727817  0.0568772  0.0405746 -0.0218601  0.0595198 -0.1175233 -0.0288132
 21.4256619  4.6075513 -0.5726646  0.1346147  0.0623871 -0.2196027 -0.0599954 -0.0957670 -0.0215497
 21.5513256  4.4611818 -0.5221731  0.0249350  0.1321275 -0.1199669 -0.1420477 -0.0665701 -0.0920850
 21.6769893  4.4566677 -0.6025683  0.1040649  0.0134281  0.0974509 -0.0827232  0.0742396 -0.0261717
 21.8026530  4.2685676 -0.5461788  0.0309406 -0.0773234  0.0537151 -0.1486375  0.0968282 -0.1408338
 21.9283167  4.1531187 -0.9016171 -0.1097791  0.0582304  0.0361363  0.1154913 -0.0442717 -0.1731073
 22.0539804  4.2090028 -0.8996544 -0.1066940  0.0537553  0.0855193  0.1957801 -0.0524525 -0.0887677
 22.1796441  4.2678779 -0.5784248 -0.0900460  0.0439745  0.1296771  0.0163287  0.0986872  0.0160214
 22.3053078  4.4324934 -0.4998846 -0.0303971  0.2255863  0.1192998  0.0951824 -0.0193401 -0.0354396
 22.4309715  4.5151425 -0.5696568 -0.0569760  0.0865519  0.1095230  0.0808727 -0.2049576 -0.0316959
 22.5566353  4.5624066 -0.6984252 -0.0928572 -0.0643852  0.0294139 -0.1197425 -0.2146431 -0.0612853
 22.6822990  4.5873902 -0.5227373 -0.0803478 -0.0442942  0.0886670 -0.1491460 -0.2718145 -0.0677371
 22.8079627  4.5516171 -0.4495737 -0.0900246  0.0031588  0.1243841 -0.0254954  0.0313550  0.0173675
 22.9336264  4.2704965 -0.6678085 -0.0830444 -0.0370709  0.0863419  0.1632148  0.2997827  0.0237088
 23.0592901  4.3794559 -0.4892988 -0.1882730  0.0963776 -0.0010718  0.0892688  0.1129675  0.1701494
 23.1849538  4.2534779 -0.3830571 -0.0096748  0.0475507  0.0094840  0.0523509 -0.0234107  0.2009119
 23.3106175  4.1627685 -0.4981504  0.0016621  0.0004942  0.0946309  0.0709095 -0.0670477  0.1546112
 23.4362812  4.4507768 -0.6163655  0.1908977  0.0252142  0.0815901  0.1578180  0.0978668  0.1247529
 23.5619449  4.3271262 -0.5246100  0.0644460  0.0319172 -0.1948098  0.2990236  0.1203823 -0.0081590
 23.6876086  4.3561188 -0.6756176  0.1566387 -0.0278683 -0.1977142  0.2564729 -0.0437623 -0.1272447
 23.8132723  4.4107032 -1.0673058  0.1369193 -0.0109618 -0.2133551  0.1703534 -0.2227376 -0.0764250
 23.9389360  4.5049245 -0.7403203  0.2148023  0.1438917  0.1451662 -0.0233862 -0.0135051 -0.0085278
 24.0645997  4.2735114 -0.6472939  0.0465101  0.1270709  0.4189406 -0.0287082  0.0878717  0.1263909
 24.1902634  4.3738608 -0.4195721 -0.0766745  0.1709144  0.1854459 -0.1276585  0.0204562  0.0146913
 24.3159271  4.4999632 -0.5567414 -0.1214632  0.1281237 -0.1279957  0.0738912  0.0833250  0.2833032
 24.4415908  4.5036369 -0.4987912 -0.1142850  0.0122544 -0.1002348  0.1178359 -0.0142890  0.1354138
 24.5672546  4.4541907 -0.6477678  0.0432486 -0.0586935  0.0447781  0.1728930 -0.0884192  0.0016443
 24.6929183  4.5935759 -1.0045620 -0.0340322 -0.1430726  0.0484559  0.2653621 -0.1118332  0.1040958
 24.8185820  4.3446569 -0.7522024 -0.0839733 -0.1333438  0.0881252  0.2291278 -0.1186625  0.0061299
 24.9442457  4.1727510 -0.7805392  0.0031362 -0.1536766  0.0677054 -0.0119054 -0.0835673 -0.0363299
 25.0699094  4.1859607 -0.7289035  0.1093088 -0.1341343  0.1951333 -0.2110276  0.1460150  0.0011147
 25.1955731  4.6440271 -0.5942879  0.0110747  0.0953282  0.0050822  0.0084812 -0.0295314  0.0648271
 25.3212368  4.4068268 -0.5067241 -0.0956996  0.0505630 -0.2614774 -0.1126722 -0.0296795  0.0401052
 25.4469005  4.0804633 -0.4863973 -0.1469913  0.0429848 -0.2178220 -0.2168777 -0.0357493  0.1892255
 25.5725642  4.3738729 -0.6351486 -0.1872626  0.0346808 -0.0552994 -0.3873023 -0.0631394  0.1152317
 25.6982279  4.2493061 -0.6620167 -0.3334689  0.0949393  0.0008863 -0.1120769 -0.2015855 -0.0615117
 25.8238916  4.2216814 -0.3747663 -0.1540965  0.0875904  0.1574020 -0.0613835  0.0070471 -0.2770800
 25.9495553  4.1798471 -0.3495007 -0.0507327  0.0247067  0.4828199  0.2209703  0.0187313 -0.1891080
 26.0752190  4.3171601 -0.9073301  0.0008558 -0.1291524  0.3427383  0.2271172 -0.0608336 -0.2080793
 26.2008827  4.2437959 -0.6561607 -0.2596299 -0.1681788 -0.0359592 -0.0404674 -0.0699761  0.0203739
 26.3265464  4.2873320 -0.3310441 -0.1531130 -0.0649304  0.1667589  0.1641514 -0.0422740 -0.0935649
 26.4522101  4.1437931 -0.2788708 -0.1153174  0.1466899 -0.0334863  0.1162013 -0.1192602  0.0611972
 26.5778738  4.1916313 -0.4500286 -0.0962683  0.0503296 -0.0243762 -0.0682088 -0.0973668 -0.0723136
 26.7035376  4.3605465 -0.4783093 -0.1458506 -0.0330095 -0.1474662 -0.0487513  0.0349645  0.1125616
 26.8292013  4.5657545 -0.2624859 -0.1692448  0.1651898 -0.2132849 -0.0762552 -0.1370802  0.0023898
 26.9548650  4.4391465 -0.3490213 -0.1872512  0.1347625 -0.3226570  0.1368052  0.0207877 -0.2027285
 27.0805287  4.4379313 -0.5612851 -0.1225135 -0.1159908 -0.0745169  0.1775857  0.1552302  0.0462224
 27.2061924  4.5533801 -0.5628945  0.0499123 -0.1341610 -0.2245764  0.3005077  0.0107194  0.1324284
 27.3318561  4.2565268 -0.7637789  0.0864517  0.0324604 -0.1288166  0.3247949 -0.0030871 -0.0619972
 27.4575198  4.3946208 -0.5505120  0.1222574 -0.0553605 -0.0400824 -0.1736407 -0.0102996 -0.0678483
 27.5831835  4.4529394 -0.5644117 -0.0235636 -0.0632358 -0.2500734 -0.0382402  0.1327116  0.1920045
 27.7088472  4.5257855 -0.3510532 -0.1135071  0.0593793 -0.3986837  0.1381882  0.0349116  0.1462736
 27.8345109  4.8022361 -0.6829204 -0.0138841 -0.0907223 -0.4163010  0.3219000  0.1248172 -0.0328849
 27.9601746  4.5150803 -0.2441773  0.1995324 -0.0554361  0.0136751  0.0173447  0.6426235  0.1401147
 28.0858383  4.3489748 -0.3167057  0.1075570 -0.0442343  0.0415456  0.0913029  0.2867059 -0.0571471
 28.2115020  4.5444854 -0.2635550 -0.0824880 -0.0382002 -0.0083462 -0.0342042 -0.2443507 -0.2529685
 28.3371657  4.5170860 -0.5220032 -0.0223661 -0.2309240 -0.1516848 -0.2402435 -0.2359190 -0.1088016
 28.4628294  4.6245564 -0.7092863  0.1997207 -0.2706144 -0.1996896  0.1230295 -0.3642439  0.0756978
 28.5884931  4.2412058 -0.7470038  0.0923973  0.1133692 -0.2301259  0.4506832 -0.3032967 -0.0816513
 28.7141569  4.3457477 -0.8162565 -0.1767792  0.0690999 -0.2062670  0.1430461 -0.0635047  0.0467373
 28.8398206  4.3281353 -0.3769124 -0.1575965 -0.1869189 -0.3161756 -0.0141955 -0.3278470  0.1443771
 28.9654843  4.4704118 -0.1030189  0.3476552 -0.0397976 -0.0246669  0.1355588  0.0305360 -0.0063295
 29.0911480  4.4794201 -0.4604164  0.3244116  0.2974215 -0.1835896  0.0164721 -0.1208558 -0.3425395
 29.2168117  4.6148879 -0.6903006  0.2332616  0.1768172 -0.1978660 -0.0642307 -0.1069858 -0.1345752
 29.3424754  4.5056767 -0.8165917  0.0043696  0.0816905 -0.4959910  0.4137773 -0.2113500 -0.0794815
 29.4681391  4.9677019 -0.5008359  0.0868433  0.1860340 -0.4958341  0.0409157  0.0011738  0.2082728
 29.5938028  4.5557402 -0.8039266 -0.1806377  0.1636154 -0.3416165 -0.2465617  0.0031421  0.2095158
 29.7194665  4.5206500 -0.6494142 -0.1414989  0.0128137  0.0853741 -0.1641862  0.2966837  0.1122822
 29.8451302  4.4950470 -0.7799587 -0.0656772  0.0138056 -0.1643891 -0.2245322  0.3814546 -0.0679661
 29.9707939  4.0464671 -0.6398362  0.0122771  0.3366211  0.1281345 -0.0042599  0.0402258 -0.1127017
 30.0964576  4.5748512  0.0964882 -0.0467300  0.3314170 -0.0006899 -0.5295416  0.0363040  0.2406220
 30.2221213  4.3909590  0.2375356  0.0534080  0.2264052  0.2018466 -0.3612938 -0.1585178  0.2225712
 30.3477850  4.6481457  0.3947201  0.1799785  0.2398689  0.0445159 -0.1283721  0.0470283 -0.1345359
 30.4734487  4.5523400 -0.2318182  0.0306824  0.0287625 -0.2553845  0.3722598 -0.1384558 -0.5039024
 30.5991124  4.5734871 -0.8794297 -0.0255104 -0.0084713 -0.2028678  0.2720357 -0.0857167 -0.1534246
 30.7247762  4.5958089 -0.3180137 -0.1930023 -0.0010772 -0.4512749 -0.4323749  0.0493818 -0.0515826
 30.8504399  4.2629246 -0.4005679 -0.1971682 -0.0228335 -0.1801902  0.0039892  0.2748158 -0.2201480
 30.9761036  3.7568307 -0.4390687 -0.1134623  0.0605863  0.1713923 -0.0932941  0.2478931 -0.4635439
 31.1017673  4.0448432 -0.4803994 -0.0490048  0.2310877 -0.0580510 -0.0638982  0.0740326 -0.3858740
 31.2274310  3.8792942 -0.1638003 -0.0241718  0.4406668  0.2796955 -0.3957493  0.1338827  0.0975381
 31.3530947  4.5644856 -0.3750568  0.0715926  0.0510666 -0.0545794 -0.3259057  0.2247916 -0.3123927
 31.4787584  4.9395042 -0.4060542  0.0168870  0.0081111 -0.4013860  0.4842357  0.0153941  0.1761545
 31.6044221  4.7611914 -0.3404527  0.0906554 -0.0271561 -0.1681468  0.1652490 -0.1969458  0.3022181
 31.7300858  4.3715576 -0.7046447  0.0754875  0.1092435  0.0382781  0.2369579 -0.2270353  0.2833069
 31.8557495  4.2172323 -0.3815263 -0.0662848 -0.0123540  0.0520388 -0.0440410  0.0512312  0.7386511
 31.9814132  4.3013088 -0.1424238 -0.1646540  0.1680024 -0.3224358 -0.0189213  0.2162883  0.2622930
 32.1070769  4.5149751 -0.5876061  0.0592262  0.5255552  0.0566754  0.2581822  0.2499086 -0.0172583
 32.2327406  4.6215048 -0.2690880 -0.1784647  0.4562704  0.3261664  0.3389342 -0.0060233 -0.1679589
 32.3584043  4.7850967 -0.5279567 -0.1303911  0.0503404  0.1588071  0.6961163 -0.0076349  0.2761986
 32.4840680  4.3501512 -0.4682214  0.2096095 -0.0870364 -0.0040696  0.2724186  0.2169475  0.0847729
 32.6097317  4.3130031 -0.2596605  0.3366163  0.0625322  0.2276575 -0.0422543  0.0578938 -0.1450957
 32.7353955  4.5411071  0.1556895 -0.0053522  0.1259361  0.2677242 -0.3492346 -0.0979484 -0.1500879
 32.8610592  4.1488381 -0.0966140 -0.2992066  0.1531641  0.3850124  0.0913235  0.1264295  0.4214312
 32.9867229  4.2254038 -0.3989252 -0.1842468 -0.3051998  0.0484929 -0.4926192  0.2054698  0.6033420
 33.1123866  3.9590437 -0.0251024 -0.1159408 -0.0531950  0.2473065  0.2020369  0.3352335  0.4470206
 33.2380503  4.0782060 -0.4376163 -0.0668102  0.1055356 -0.2233669  0.5311668 -0.0414324 -0.1135127
 33.3637140  4.2170126 -0.3979618  0.0575690  0.2770785 -0.3408719 -0.2083992  0.0041159 -0.2336571
 33.4893777  4.9457662 -0.2457386  0.4021242  0.2067385 -0.1608203 -0.3581664 -0.0536096 -0.3484822
 33.6150414  4.5712348 -0.1886809  0.2782362  0.1127578  0.1771603 -0.2173286  0.2703297 -0.1726121
 33.7407051  3.8743926 -0.2651276  0.1676002  0.3828698  0.2480813  0.2096229  0.0765222 -0.0359478
 33.8663688  4.6684963 -0.7493176  0.5684927 -0.1024409  0.2216717  0.8341281 -0.0305876 -0.0285922
 33.9920325  4.8222554 -0.8427922  0.3390689 -0.0496783 -0.0407753  0.2551890 -0.1532628 -0.3319201
 34.1176962  4.7645240 -0.7243175  0.1522102  0.4004142  0.1378350 -0.2898890 -0.0404070 -0.1979009
 34.2433599  4.6101876 -0.9540712  0.0585829  0.0368904  0.4253412 -0.2312323  0.0046528 -0.1859875
 34.3690236  4.7165912 -0.5351014  0.1720012 -0.0625143  0.2699118 -0.0755127 -0.1074114 -0.0125465
 34.4946873  4.4738766 -0.7110569  0.1046114 -0.1982909  0.4412973 -0.1997111  0.0428722  0.2415813
 34.6203510  4.0758158 -0.3819050 -0.0448047 -0.0687345  0.7605710  0.2417969  0.2795016 -0.0195649
 34.7460147  4.1012631  0.1064473  0.2059734 -0.1683978  1.0174361 -0.3088389  0.1286243 -0.5975933
 34.8716785  4.4001140 -0.1687219  0.2405140 -0.0105585  0.5306315 -0.0631628 -0.0455141 -0.4360216
 34.9973422  4.4012368 -0.2704271  0.2041326 -0.1825792  0.1996968 -0.4912690  0.2172110 -0.1755326
 35.1230059  4.2920108 -0.1674563  0.3139005  0.1338269 -0.4289039 -0.6243674  0.2229406  0.2594095
 35.2486696  4.3597559  0.0595804  0.2802986  0.2135342 -0.0299880 -0.9950599  0.3367383 -0.4722224
 35.3743333  4.0802942  0.4003789  0.3878634  0.2231339  0.7161276 -0.8749449 -0.0310485 -0.3686246
 35.4999970  3.8000271 -0.5500335  0.0267948 -0.1361649  0.8323307 -0.6451861 -0.1133578  0.0492533
 35.6256607  4.2023917 -0.1371967  0.1861450  0.1661186  0.2642525 -0.1989826 -0.1864039  0.1440118
 35.7513244  4.2798623 -0.4111784 -0.0367781  0.2716407  0.0288762 -0.1756257 -0.0837029  0.0441535
 35.8769881  4.1118806 -0.7798422  0.1269610  0.1220834  0.9828264 -0.3923681  0.1506395 -0.0652940
 36.0026518  4.2074507 -0.4007638  0.1077841 -0.0432350  0.7063734 -0.2427153 -0.0406076  0.2268862
 36.1283155  4.3805204 -0.6039167  0.0060713 -0.1129022  0.3704436  0.2451338  0.3718345 -0.0525750
 36.2539792  4.7894007 -0.8485598 -0.1137720  0.0298433 -0.0774149 -0.1149424  0.2310885 -0.1391980
 36.3796429  4.9648755 -0.4656376  0.1172051 -0.3437682  0.0844223 -0.4804662 -0.0304381 -0.0834331
 36.5053066  4.5063385 -0.6821672  0.2303766 -0.2632494  0.0272047 -0.3192611 -0.1997832  0.4870586
 36.6309703  4.5829492 -0.2429913 -0.2148591  0.0259035  0.0188295 -0.7142260 -0.1232906  0.1884573
 36.7566340  4.4829897 -0.3472730 -0.4246165 -0.2053641 -0.1235428 -1.2119914 -0.2018826  0.3149383
 36.8822978  3.8474753 -0.2558499 -0.4921232  0.1619382  0.2286120 -0.3091953 -0.2998944  0.4336302
 37.0079615  4.3534803 -0.3772193  0.1665495  0.1606284  0.5553156  0.0206427  0.1980054  0.0471115
 37.1336252  4.5271893 -0.2721587  0.0819987 -0.1817576  0.4421680 -0.0766103  1.0200438  0.0779822
 37.2592889  4.5016746 -0.6382437  0.1889596 -0.3481176  0.7710286  0.1478226  0.6922226 -0.3112922
 37.3849526  4.2607417 -0.3462311 -0.1960566 -0.1388995  0.3663114  0.1386788  0.5803272  0.0772347
 37.5106163  4.3887485 -0.3353039  0.2260309 -0.1782828  0.6565889 -0.2442883  0.2381271  0.2202460
 37.6362800  4.4965074 -0.4701911  0.1740277 -0.3009452  0.0339013 -0.4878881  0.3206693  0.0197718
 37.7619437  4.1413064  0.2513428 -0.0198997  0.2908071  0.3356224 -0.2587972  0.0727991 -0.0242560
 37.8876074  4.4913049 -0.2424443  0.0540819 -0.2934989 -0.1732745 -0.0633916  0.0696634  0.2450613
 38.0132711  4.8784991 -0.3448168  0.5510527 -0.5887893  0.0777526 -0.3779277 -0.2630751  0.1613565
 38.1389348  4.6305340 -0.5162689  0.4291207 -0.1010198  0.1480863 -0.4926769  0.0593896  0.2952932
 38.2645985  4.7159717 -0.1699263  0.0231879  0.4439672 -0.1037359  0.0416217 -0.1896446  0.1717921
 38.3902622  4.5793090 -0.5052617 -0.2112683  0.1758792  0.5715765  0.0429224  0.6018295 -0.1250204
 38.5159259  4.5272115 -0.4837110  0.1499888  0.1512316  1.5788597  0.3730442 -0.2547082  0.0579879
 38.6415896  3.5773863 -1.1739741  0.2968820 -0.0626117  2.0252654  0.6669571 -0.2618261 -0.0564126
 38.7672533  4.3583069 -1.4601240  0.1290648 -0.4598125  0.5248040  0.0168413  0.4358181 -0.3322724
 38.8929171  4.7591305 -0.3986585  0.1903038 -0.5604550  0.4398865 -1.1644637  0.0098858 -0.3729149
 39.0185808  4.2038656 -0.4969833  0.6043632 -0.5998939  0.4897340 -0.3713174  0.3421982  0.2456727
 39.1442445  3.5389966 -0.3249662  0.0098643 -0.3919913 -0.1947569 -0.7553163  0.1952164  0.0283500
 39.2699082  4.1873569 -0.5040804 -0.1653671 -0.4158567 -0.0761442 -0.6303848 -0.2041433  0.0847719
 39.3955719  4.5295701 -0.2626336 -0.2228544 -0.1747116 -0.0174574 -0.2665444 -0.6585328 -0.1757854
 39.5212356  3.8552308 -0.3706232 -0.2663739 -0.0598508 -0.1028220 -0.0217186 -0.4504990 -0.0096907
 39.6468993  4.2344564 -0.6876480 -0.5115251 -0.1466384 -0.4511583 -0.6602039 -0.6829853  0.5702941
 39.7725630  4.2755251 -0.1110668 -0.0584913  0.2267098 -0.5086545 -0.7050268 -0.1327332  0.4368514
 39.8982267  3.6572079 -0.2221229  0.1985928  0.6785164  0.3822080  0.0249692  0.0067949 -0.0444783
 40.0238904  4.0565187 -0.9695925 -0.3042925  0.2668571 -0.3048931 -0.2438049  0.0419762 -0.4802258
