#w_matsubara  g11_Re     g11_Im     g12_Re     g12_Im     g13_Re     g13_Im     g12_nambu_Re     g12_nambu_Im     
 0.1047198  5.5818406 -0.3573743 -0.4223302 -0.0560595 -0.3251272  0.0996450  0.3266302 -0.0000285
 0.3141593  5.6119441 -0.7969297 -0.4103602 -0.1340910 -0.3120805  0.1512097  0.1995870  0.0008911
 0.5235988  5.6326662 -1.0676066 -0.4040266 -0.1872611 -0.3010254  0.1423464  0.1215237  0.0011938
 0.7330383  5.6422574 -1.2659706 -0.4003767 -0.2247861 -0.2902588  0.1251702  0.0802274  0.0002063
 0.9424778  5.6397015 -1.4222119 -0.4000073 -0.2531546 -0.2808880  0.1074870  0.0579676 -0.0012026
 1.1519173  5.6277910 -1.5419343 -0.3995673 -0.2665656 -0.2662459  0.0934899  0.0410369 -0.0009029
 1.3613568  5.6039394 -1.6469256 -0.4015247 -0.2829889 -0.2510171  0.0801101  0.0319269 -0.0014885
 1.5707963  5.5735417 -1.7256473 -0.3989445 -0.2841397 -0.2390795  0.0851306  0.0244774 -0.0017876
 1.7802358  5.5406057 -1.7838453 -0.3973915 -0.2839461 -0.2241691  0.0773680  0.0192955 -0.0004835
 1.9896753  5.5077297 -1.8319092 -0.3956017 -0.2778404 -0.2091689  0.0718862  0.0154564  0.0010965
 2.1991149  5.4663761 -1.8711518 -0.3857001 -0.2730488 -0.1789998  0.0656468  0.0125922 -0.0039493
 2.4085544  5.4274215 -1.8969135 -0.3826619 -0.2677453 -0.1733592  0.0635859  0.0100215 -0.0014850
 2.6179939  5.3871070 -1.9141906 -0.3757459 -0.2590048 -0.1570386  0.0566964  0.0098333 -0.0013071
 2.8274334  5.3490151 -1.9170308 -0.3692737 -0.2436297 -0.1385995  0.0629544  0.0108711 -0.0004856
 3.0368729  5.2961214 -1.9356365 -0.3592135 -0.2439993 -0.1259325  0.0505807  0.0079176  0.0020717
 3.2463124  5.2721656 -1.9302765 -0.3478512 -0.2354014 -0.1158399  0.0444644  0.0062214  0.0009030
 3.4557519  5.2239711 -1.9220469 -0.3463276 -0.2139569 -0.1152533  0.0521154  0.0031080  0.0034792
 3.6651914  5.1934322 -1.9142317 -0.3275199 -0.2068306 -0.0939860  0.0495434 -0.0005181  0.0019629
 3.8746309  5.1588259 -1.8930513 -0.3149590 -0.2004858 -0.0837508  0.0386485  0.0064246 -0.0008384
 4.0840704  5.1230010 -1.8859807 -0.3114381 -0.1891476 -0.0946207  0.0336664 -0.0004224  0.0050673
 4.2935100  5.1013536 -1.8540612 -0.3024258 -0.1767664 -0.0690999  0.0214940 -0.0041015  0.0075671
 4.5029495  5.0817134 -1.8454844 -0.3001847 -0.1642360 -0.0750585  0.0372078  0.0100018 -0.0015006
 4.7123890  5.0474816 -1.8380136 -0.2859025 -0.1578279 -0.0890556  0.0315465  0.0049208  0.0072448
 4.9218285  5.0068102 -1.8099254 -0.2803453 -0.1351364 -0.0613536  0.0312795  0.0162823 -0.0030663
 5.1312680  4.9948478 -1.7802445 -0.2627315 -0.1332998 -0.0531344  0.0252044  0.0044434 -0.0028934
 5.3407075  4.9687209 -1.7672352 -0.2509726 -0.1272487 -0.0539883  0.0272628  0.0159693  0.0007842
 5.5501470  4.9526339 -1.7299327 -0.2441199 -0.1211541 -0.0367598  0.0210455  0.0024842 -0.0062007
 5.7595865  4.9308279 -1.6934610 -0.2359158 -0.1157240 -0.0493728  0.0122221 -0.0005844  0.0063128
 5.9690260  4.8985529 -1.6841776 -0.2316537 -0.1197330 -0.0350337  0.0004578  0.0021801  0.0056915
 6.1784656  4.8532543 -1.6699628 -0.2246121 -0.1120563 -0.0255637  0.0090741 -0.0022452  0.0080959
 6.3879051  4.8389438 -1.6624425 -0.2172292 -0.1003849 -0.0394032  0.0274321  0.0083521  0.0003915
 6.5973446  4.8501596 -1.6466947 -0.2065261 -0.0883192 -0.0418515  0.0233784  0.0007099 -0.0023494
 6.8067841  4.8261211 -1.6106363 -0.2119938 -0.0844487 -0.0402430  0.0171851 -0.0063670  0.0082802
 7.0162236  4.8002188 -1.5632076 -0.2108304 -0.0801696 -0.0248784  0.0158821 -0.0090822  0.0104012
 7.2256631  4.7979437 -1.5452566 -0.1970760 -0.0817681  0.0032231  0.0295834  0.0090339  0.0046172
 7.4351026  4.7774272 -1.5293850 -0.1966785 -0.0916420 -0.0170020  0.0076754 -0.0320408  0.0055176
 7.6445421  4.7286090 -1.5014398 -0.1795324 -0.0834192 -0.0046373  0.0102881  0.0064611 -0.0034648
 7.8539816  4.7285899 -1.4859006 -0.1769426 -0.0703984 -0.0095803 -0.0007849  0.0033437 -0.0036832
 8.0634211  4.7439480 -1.4213403 -0.1469522 -0.0614074 -0.0374443  0.0015119  0.0038321 -0.0032459
 8.2728607  4.6794399 -1.4527480 -0.1495096 -0.0463770 -0.0042060 -0.0069556 -0.0010243  0.0091314
 8.4823002  4.6962938 -1.4065802 -0.1557707 -0.0377453 -0.0005646 -0.0050205 -0.0011029 -0.0023712
 8.6917397  4.7106262 -1.4082091 -0.1495555 -0.0519840  0.0080654  0.0098885  0.0226693 -0.0148207
 8.9011792  4.6884267 -1.3617245 -0.1378701 -0.0472600 -0.0288638 -0.0150088  0.0131765 -0.0131954
 9.1106187  4.6406121 -1.3463039 -0.1285531 -0.0350210  0.0051221 -0.0012113 -0.0181509 -0.0165427
 9.3200582  4.6579023 -1.3192479 -0.1707341 -0.0289743 -0.0394230 -0.0295306  0.0118420  0.0135769
 9.5294977  4.6444214 -1.2821963 -0.1586780 -0.0386505 -0.0423137 -0.0096965 -0.0000192  0.0045998
 9.7389372  4.6451041 -1.2725337 -0.1275470 -0.0027731 -0.0329482  0.0034576 -0.0110546  0.0233232
 9.9483767  4.6743295 -1.2552784 -0.1499547 -0.0159152 -0.0041548 -0.0045205  0.0014281 -0.0033824
 10.1578162  4.6285435 -1.2591232 -0.1115825 -0.0454906 -0.0352739  0.0208356 -0.0001002 -0.0287590
 10.3672558  4.6280790 -1.2450580 -0.1078963 -0.0284798 -0.0459633  0.0018304 -0.0025647  0.0192174
 10.5766953  4.6280244 -1.2213083 -0.0978310 -0.0156057 -0.0154553 -0.0204871  0.0002113  0.0138812
 10.7861348  4.6354197 -1.2803281 -0.1257434 -0.0320907 -0.0230992  0.0229257 -0.0131711  0.0046383
 10.9955743  4.5909876 -1.2253586 -0.1184745 -0.0373523  0.0017304 -0.0307201  0.0110508  0.0086353
 11.2050138  4.5851187 -1.1613785 -0.1302782 -0.0165263 -0.0361451 -0.0119829 -0.0040089  0.0140169
 11.4144533  4.5834335 -1.1411893 -0.1209839 -0.0378287  0.0107619 -0.0496272  0.0169664  0.0009013
 11.6238928  4.5361982 -1.1288702 -0.0893900 -0.0525362  0.0317410 -0.0001450 -0.0122453 -0.0324295
 11.8333323  4.5537519 -1.1557830 -0.1102101 -0.0223154 -0.0799788 -0.0219821  0.0089137 -0.0240350
 12.0427718  4.5566814 -1.0979850 -0.1380863  0.0035916 -0.0060220 -0.0096162 -0.0184271 -0.0113521
 12.2522113  4.6266219 -1.0168997 -0.1134024  0.0048465 -0.0742469 -0.0007204  0.0218958  0.0541282
 12.4616509  4.6248665 -1.0294067 -0.1105574  0.0205878 -0.0139493 -0.0249321  0.0180906  0.0533420
 12.6710904  4.5610516 -1.0127046 -0.1002421  0.0265224 -0.0114387 -0.0458279  0.0422374 -0.0341880
 12.8805299  4.5524541 -1.0222369 -0.0966242 -0.0170377 -0.0442157 -0.0058923  0.0091453 -0.0111782
 13.0899694  4.4990956 -1.0520318 -0.0608281 -0.0181553  0.0368017 -0.0464908 -0.0110035 -0.0091119
 13.2994089  4.5149887 -1.0741630 -0.0479872 -0.0348675  0.0137078  0.0244095  0.0242040 -0.0092180
 13.5088484  4.5746033 -1.0383123 -0.0698771  0.0029888 -0.0098955  0.0238840 -0.0036025 -0.0543427
 13.7182879  4.5174701 -1.0486543 -0.0717225  0.0106439 -0.0487116 -0.0026178 -0.0320028  0.0359241
 13.9277274  4.5309029 -0.9896917 -0.0927608  0.0190678 -0.0496468 -0.0400516  0.0313081  0.0434592
 14.1371669  4.5175984 -0.9764000 -0.0794551  0.0286386 -0.0717920  0.0064946  0.0117739 -0.0068078
 14.3466065  4.5556808 -0.9309489 -0.0473921  0.0343017 -0.0495267  0.0229944  0.0537889  0.0171804
 14.5560460  4.5184104 -0.9089652 -0.0733455  0.0207926 -0.0627387 -0.0887597  0.0376623 -0.0341817
 14.7654855  4.4962719 -1.0193670 -0.0738717 -0.0099513 -0.0367783 -0.0532269  0.0377011  0.0656046
 14.9749250  4.4956996 -1.0404037 -0.0483305  0.0306226  0.0724496 -0.0229475 -0.0024343  0.0006881
 15.1843645  4.5532419 -0.9452137 -0.0672849  0.0063761  0.0932381 -0.0440832  0.0091815  0.0118350
 15.3938040  4.5052309 -0.9182160 -0.0678471  0.0279185  0.1142705 -0.0760522  0.0701624 -0.0245976
 15.6032435  4.5536446 -0.8823061 -0.0992795 -0.0357102  0.0307715 -0.0745323  0.0005083 -0.0138029
 15.8126830  4.4262757 -0.8799593 -0.1049587 -0.0255959  0.0314511  0.0122246  0.0542241 -0.0220240
 16.0221225  4.4934747 -0.8353005 -0.0778569 -0.0361941  0.0240723 -0.0256571  0.0093363  0.0407795
 16.2315620  4.4807586 -0.8652855 -0.0948088 -0.0093841 -0.0483450 -0.0296382 -0.0504965 -0.0038643
 16.4410016  4.4368499 -0.8192677 -0.0531268  0.0073562  0.0072057  0.0449222 -0.0579148 -0.0344752
 16.6504411  4.4871989 -0.8233103  0.0600945  0.0291670  0.0322042 -0.0648147 -0.0124857  0.0010438
 16.8598806  4.5568855 -0.8627223 -0.0682383  0.0037321 -0.1130702 -0.0686275 -0.0313439  0.0066153
 17.0693201  4.4442725 -0.7682485 -0.0578896  0.0696453  0.0143048 -0.0954481 -0.0375151  0.0033357
 17.2787596  4.4146767 -0.8462729 -0.0733678  0.0538885  0.0102542  0.0337983  0.0437015 -0.0225364
 17.4881991  4.5145403 -0.8161884 -0.0454581  0.0599080  0.0265835 -0.0195962 -0.0313054  0.0595954
 17.6976386  4.5225285 -0.8751365 -0.0321243  0.0470460  0.0364955  0.0276253  0.0020290  0.0216535
 17.9070781  4.4993332 -0.8130948 -0.0856596  0.0360112 -0.0200985 -0.0633865 -0.0839407 -0.0419866
 18.1165176  4.5632076 -0.7709114 -0.0343434 -0.0638541  0.0685852 -0.0407535 -0.0021229  0.0044872
 18.3259571  4.4708467 -0.7641284 -0.0512716 -0.0031425  0.1193862  0.0155794  0.0762380  0.0521953
 18.5353967  4.6453330 -0.7305765 -0.0216110 -0.0160771 -0.0330435  0.0639585  0.0792348  0.0558220
 18.7448362  4.3987101 -0.8870311 -0.0228031 -0.0377544  0.0761640  0.0826043 -0.0242634 -0.0007707
 18.9542757  4.5355735 -0.8823919 -0.0330952 -0.0173412 -0.0822885  0.0491895  0.0025684  0.0149720
 19.1637152  4.4645974 -0.6456062 -0.1052422 -0.0224674  0.0841745 -0.0300763  0.0791417  0.0376376
 19.3731547  4.3351674 -0.6766078 -0.0740640 -0.0963456  0.0176580  0.0058395  0.0138418  0.0079800
 19.5825942  4.3414402 -0.7950310 -0.0183827  0.0139287  0.0928405 -0.0096153 -0.0080932 -0.0601666
 19.7920337  4.4318503 -0.7557994 -0.0231671  0.0096418  0.0371052  0.0591130 -0.0322529 -0.0138828
 20.0014732  4.5596530 -0.7667518  0.0112978  0.0585687  0.0111651 -0.0008690  0.0463426  0.0649587
 20.2109127  4.4766204 -0.6645045 -0.0175822  0.0482865  0.0939046 -0.0974327  0.0047091  0.0262873
 20.4203522  4.5114214 -0.8561011 -0.0350275 -0.0266005  0.0287872  0.0051529  0.0325733 -0.0026098
 20.6297918  4.3843237 -0.7918582 -0.0602831 -0.0363959  0.1008428 -0.0250127 -0.0764294 -0.0483037
 20.8392313  4.5733248 -0.6978428 -0.1268171 -0.0514897 -0.0695725  0.0013232 -0.0190647  0.0332666
 21.0486708  4.3491362 -0.6592847 -0.0266799  0.0236995  0.1246027  0.0258761  0.0374372 -0.0794713
 21.2581103  4.4312032 -0.8036420 -0.0335791  0.0327292  0.1313917  0.1964902 -0.0577682  0.0196099
 21.4675498  4.5875347 -0.7433598  0.0826120  0.0386824  0.1133258  0.0468963  0.0132850 -0.0481125
 21.6769893  4.6478782 -0.8772898 -0.0246293 -0.0324050  0.0984961  0.0690244  0.0469987  0.1172114
 21.8864288  4.4916860 -0.7932101 -0.0388732 -0.0741585  0.1104129  0.2498645  0.0288727 -0.0391620
 22.0958683  4.4742262 -0.5861198  0.0427767 -0.0358175  0.0430838 -0.0866727 -0.0933244  0.0355014
 22.3053078  4.3448500 -0.6327575 -0.0441594 -0.0287712  0.0931795 -0.1931997 -0.0368731 -0.0266911
 22.5147474  4.4583600 -0.6207029  0.0660088 -0.1479199  0.0290667 -0.0530660 -0.0825052 -0.0635588
 22.7241869  4.3354745 -0.7777938  0.0528852 -0.0913970  0.0063519 -0.0106284  0.0883161 -0.0198919
 22.9336264  4.6003448 -0.7346598  0.0148748 -0.1114442 -0.2216287 -0.1246228  0.0040307  0.0043831
 23.1430659  4.5002039 -0.6888494 -0.0140080 -0.0384935 -0.2667099 -0.1334020  0.0206257  0.1077756
 23.3525054  4.3466018 -0.6897010 -0.0088475 -0.0838347 -0.1999490 -0.1517721 -0.0418877  0.0015732
 23.5619449  4.3063680 -0.6260243  0.0219603 -0.0835157 -0.0753112 -0.4230829 -0.0095819 -0.0450146
 23.7713844  4.1701171 -0.6329590 -0.0579555 -0.0411410  0.0250522 -0.1660386 -0.0100324 -0.0076551
 23.9808239  4.2761949 -0.7647671  0.0012066  0.1202691  0.1718794  0.0297913 -0.0231693  0.0015299
 24.1902634  4.5658731 -0.7098813  0.0361976  0.0448523  0.0384390 -0.1762444 -0.1617641  0.2040230
 24.3997029  4.5900280 -0.7639559 -0.0054016 -0.0558556 -0.0348939 -0.1158203 -0.0393341 -0.0140676
 24.6091425  4.5993370 -0.7313912  0.0507439  0.0357038 -0.0185994 -0.0245869  0.0267880 -0.1222860
 24.8185820  4.5932130 -0.6391154  0.0300075 -0.0110936 -0.0380849  0.0465932 -0.0619737 -0.0590908
 25.0280215  4.4705447 -0.6899230 -0.0742140 -0.1155577 -0.1455316 -0.3639120 -0.1590181 -0.0872860
 25.2374610  4.4377441 -0.7655983 -0.1085057 -0.1982022  0.0394350 -0.1832285 -0.0731417 -0.0464853
 25.4469005  4.5733327 -0.7055044  0.0017753 -0.1062252 -0.0222130 -0.1597230 -0.0621711  0.0225440
 25.6563400  4.2991396 -0.6431661 -0.0710813  0.0710241  0.1193258 -0.0574767  0.0502080 -0.0272952
 25.8657795  4.4408539 -0.7876358 -0.1748928 -0.0453614  0.0656309  0.0919755 -0.0427036 -0.0987722
 26.0752190  4.4654803 -0.5387886 -0.0688433 -0.0796369 -0.0198320 -0.1184453  0.0068797 -0.0230590
 26.2846585  4.4160994 -0.7365171 -0.0015365 -0.0670601 -0.1033357 -0.0532532 -0.0038425  0.0707941
 26.4940980  4.5143093 -0.5794851 -0.0730639  0.0458915  0.0027305  0.0419004 -0.0905746 -0.0451815
 26.7035376  4.1972808 -0.7584545 -0.0982517  0.0130014  0.0384209 -0.1579757  0.1982025 -0.0806758
 26.9129771  4.3553736 -0.9635076  0.0187395 -0.0074575  0.1760830  0.1527672  0.0646474 -0.1262503
 27.1224166  4.6393612 -0.7636968 -0.0895553  0.0237647  0.1560421  0.0015919  0.0671649  0.0831219
 27.3318561  4.5246998 -0.6305839 -0.2010606 -0.1902272 -0.0609034  0.1507672  0.1730927  0.0258151
 27.5412956  4.4568721 -0.4926191 -0.1338602  0.0020440 -0.0650197  0.1034894 -0.1317888  0.0333007
 27.7507351  4.5406760 -0.6407054 -0.0671869 -0.0228211  0.0881861 -0.0044229  0.0309341  0.0742824
 27.9601746  4.5421155 -0.7512737  0.0057388 -0.0441599  0.0030621  0.2085873  0.0528448  0.0162297
 28.1696141  4.5296814 -0.4918395 -0.1365190 -0.1396785 -0.0969360 -0.1556446 -0.0719894  0.0160855
 28.3790536  4.4778605 -0.5934403 -0.2842087  0.0053410 -0.1067657  0.2518484 -0.0045584 -0.0152095
 28.5884931  4.3325732 -0.5740736 -0.1823030 -0.0760826  0.1034181 -0.1225187 -0.1535438 -0.0185082
 28.7979327  4.4446526 -0.5686265 -0.2442252 -0.0280724 -0.0068370  0.0999166 -0.0888457  0.0010932
 29.0073722  4.4190443 -0.5663926 -0.1041191 -0.0221412 -0.1642405 -0.0606822 -0.0530810  0.0052746
 29.2168117  4.6870461 -0.4334809 -0.1563926  0.1040920  0.0234297  0.0129425  0.0659459  0.1738962
 29.4262512  4.3820173 -0.4665597 -0.2582885 -0.0301577 -0.0983286  0.0384275 -0.0218146  0.0623328
 29.6356907  4.4697570 -0.1114193 -0.0550857  0.1090083  0.1059771  0.1411678  0.0418661  0.0526271
 29.8451302  3.9975929 -0.4318944  0.0614656 -0.1123579  0.3707736  0.0127827  0.0820471 -0.0699496
 30.0545697  4.3200104 -0.5732698 -0.0041012 -0.1853736 -0.1149026 -0.0298855 -0.1531281  0.2155335
 30.2640092  4.0237764 -0.0766283  0.0068245 -0.0149573  0.0051725 -0.2399355 -0.1442034 -0.1277385
 30.4734487  4.3360622 -0.5245406 -0.0339165  0.1166549 -0.1372456 -0.2920598  0.0857994  0.2209248
 30.6828883  4.4107015 -0.7039589 -0.1231001  0.1658914  0.0118904 -0.3737236 -0.1984987  0.2453281
 30.8923278  4.4312636 -0.4877006 -0.1813590  0.1898474 -0.1392115  0.0867188  0.1658358 -0.0758394
 31.1017673  4.1953825 -0.4113749 -0.0533358 -0.1209320  0.2090308  0.0253128  0.0070307  0.0166923
 31.3112068  4.8002972 -0.5351266 -0.0543655 -0.0063839  0.0881946  0.3536840 -0.2481977  0.0189771
 31.5206463  4.6821986 -0.5425004 -0.0034935 -0.2305594  0.1646404  0.2372991  0.1199611  0.1131478
 31.7300858  4.3271406 -0.5977271  0.0332905 -0.2917035  0.0208143 -0.2182860  0.1051390  0.1958038
 31.9395253  4.1567299 -0.0439804 -0.1539221  0.1701232  0.0770668 -0.1887484 -0.1614645 -0.1367772
 32.1489648  4.4716245 -0.3394369  0.1777646  0.1248056  0.2517245 -0.0611346  0.0241130 -0.0166546
 32.3584043  4.1070280 -0.0507959 -0.0782749 -0.0296445  0.2004468 -0.2475955 -0.0989097 -0.1170245
 32.5678438  4.4455453 -0.1790314  0.0992747  0.0653483  0.2713893 -0.3249467  0.0634213  0.0747475
 32.7772834  4.9673128 -0.2209366  0.1036085  0.0823891  0.1918171 -0.4475894  0.3347916  0.0994692
 32.9867229  4.4193598 -0.7177820 -0.1810934 -0.3104449  0.2114520 -0.2021643  0.1600897 -0.2428201
 33.1961624  4.0408069 -0.2234653 -0.3237852 -0.1127377  0.0324242 -0.2161733  0.2005456 -0.0640655
 33.4056019  4.3592510 -0.5502601 -0.0917775 -0.1467414  0.2713335 -0.1299234  0.1576468 -0.1297010
 33.6150414  4.3477251 -0.3692589 -0.1859528 -0.0844796  0.1970887  0.0806066  0.0001438 -0.3708552
 33.8244809  4.4681467 -0.1391433 -0.0584258  0.1325356 -0.0232964  0.1987229  0.2381957 -0.3046878
 34.0339204  4.4334561 -0.1659779 -0.0590177 -0.0738171 -0.0709376 -0.0709255 -0.1071990  0.2454168
 34.2433599  4.2678389 -0.4102732  0.0319613 -0.1877406  0.1463597 -0.1508266  0.0533629 -0.1374634
 34.4527994  3.9135565 -0.4351038  0.0117001 -0.1629600  0.0534701 -0.2347627 -0.1404900  0.0185784
 34.6622389  4.0983415 -0.7116871 -0.0283381 -0.1844606  0.2466945 -0.0327992  0.1783841 -0.0403772
 34.8716785  4.4657517 -0.4774668 -0.0524651 -0.1446102  0.1027818 -0.2807588  0.0010881  0.2006334
 35.0811180  4.3883523 -0.4040550 -0.2271342 -0.3051296 -0.1905875 -0.2332893 -0.4352869  0.0665362
 35.2905575  4.9732064 -0.5960612 -0.1004841 -0.2844230 -0.3368074 -0.2517234  0.0713842 -0.0924874
 35.4999970  4.2329819 -0.5096579 -0.0936913 -0.0983307  0.2419365 -0.3595281  0.0244225  0.2922025
 35.7094365  4.0226120  0.0626929 -0.2983114 -0.0977212  0.0908291 -0.1218980 -0.1303436  0.3769969
 35.9188760  3.7178675 -0.0972072 -0.1991696  0.0735953  0.3011569  0.2149734  0.0632098 -0.0063245
 36.1283155  4.1413844 -0.1092008 -0.1393076  0.0207644 -0.1232584 -0.0652157 -0.1997638  0.2323326
 36.3377550  4.2107689 -0.2440264  0.0861716  0.0723315  0.4090726  0.0923100 -0.0187043 -0.0904884
 36.5471945  4.7444121 -0.0000685 -0.1366004 -0.1174092 -0.1992606 -0.2727784 -0.3036893  0.0672745
 36.7566340  4.4478360 -0.7214735 -0.1531504 -0.3450330 -0.0083785 -0.1147889 -0.0413729  0.1583423
 36.9660736  4.3428005 -0.3483966 -0.2504162 -0.0838903  0.2249451 -0.1114851  0.0254425  0.2659773
 37.1755131  3.7693002 -0.1699821 -0.0922974  0.0347855  0.3561782 -0.0629282  0.0994659 -0.0306122
 37.3849526  4.1828695 -0.2740954 -0.0944040 -0.0651984 -0.4218535 -0.1558110 -0.0472860 -0.1386586
 37.5943921  4.1959172 -0.2747430 -0.4243369 -0.1729988  0.1090194 -0.1707648 -0.0725956 -0.3552278
 37.8038316  4.4422220 -0.4848377 -0.1271034 -0.3648746 -0.3114750 -0.0998832  0.2646926 -0.2293323
 38.0132711  4.6620799 -0.5867962 -0.1799232 -0.4021951 -0.3364964 -0.2394519  0.2815301 -0.0290845
 38.2227106  4.2294557  0.0233450 -0.1774270 -0.1439508 -0.2208137 -0.0717635  0.1815126  0.1851922
 38.4321501  3.6892775 -0.4608451 -0.2386474 -0.2571914  0.2542142  0.4686374  0.0724376  0.0246486
 38.6415896  4.0535305 -0.1883119 -0.1184412 -0.3266626 -0.2489678  0.3728590 -0.0841640  0.1254994
 38.8510291  3.8532442 -0.1414760 -0.1519002 -0.0558547 -0.0219526  0.1064682  0.1328204 -0.0737629
 39.0604687  4.4649034 -0.0354391 -0.2593458 -0.1874092  0.0159445  0.0648625  0.0331719 -0.2170905
 39.2699082  4.0264166 -0.1179935  0.1372245 -0.3967793 -0.1396272 -0.3217268 -0.0271578 -0.1614584
 39.4793477  4.0362193  0.0613465 -0.0279702  0.1539670  0.0464418 -0.6499980  0.2654827  0.0851772
 39.6887872  4.4721090 -0.0813487 -0.1765833  0.1976307  0.0404649 -0.0542057  0.1603335 -0.2191210
 39.8982267  4.1390727  0.0085627 -0.1259478 -0.1232134 -0.0258821  0.3072982  0.0614169 -0.0939578
