#w_matsubara  G1_Re   G1_Im   G2_Re   G2_Im   G3_Re   G3_Im   G4_Re   G4_Im   
 0.1427997  0.3142704 -0.1486243  0.0558260 -0.6303962 -0.0017792 -0.0001661 -0.3524283 -0.2463389
 0.4283990  0.2391775 -0.1837343  0.0111013 -0.4714779 -0.0003232  0.0000524 -0.2832677 -0.2391790
 0.7139983  0.1890815 -0.1888433  0.0003574 -0.3866408  0.0000523  0.0001583 -0.2335779 -0.2300767
 0.9995977  0.1553227 -0.1856435 -0.0013337 -0.3320919  0.0002678  0.0000802 -0.1965937 -0.2208807
 1.2851970  0.1308514 -0.1794688 -0.0005680 -0.2943421  0.0001772  0.0000904 -0.1681700 -0.2118362
 1.5707963  0.1142403 -0.1717207  0.0019090 -0.2654134 -0.0000536  0.0001935 -0.1452400 -0.2043822
 1.8563957  0.1021573 -0.1650987  0.0047929 -0.2439592 -0.0000404 -0.0001331 -0.1263270 -0.1961849
 2.1419950  0.0918042 -0.1587165  0.0064961 -0.2257288 -0.0000350 -0.0001083 -0.1112520 -0.1891834
 2.4275943  0.0851592 -0.1532066  0.0081474 -0.2111284  0.0000680  0.0000229 -0.0976489 -0.1829694
 2.7131937  0.0783953 -0.1480784  0.0102527 -0.1994584 -0.0001208  0.0000886 -0.0877775 -0.1760914
 2.9987930  0.0719647 -0.1428170  0.0108725 -0.1880916 -0.0000726  0.0001276 -0.0771511 -0.1703484
 3.2843923  0.0680964 -0.1388263  0.0114006 -0.1793790  0.0000577 -0.0000372 -0.0688728 -0.1649133
 3.5699917  0.0644098 -0.1347536  0.0122005 -0.1708746  0.0001310  0.0001251 -0.0615159 -0.1588799
 3.8555910  0.0602298 -0.1313949  0.0126515 -0.1632718 -0.0000478  0.0000732 -0.0553277 -0.1541572
 4.1411903  0.0568905 -0.1272042  0.0126057 -0.1570639  0.0000255 -0.0001460 -0.0499328 -0.1492851
 4.4267896  0.0546639 -0.1247582  0.0135322 -0.1510229  0.0000942 -0.0000437 -0.0452496 -0.1445647
 4.7123890  0.0511182 -0.1219636  0.0132187 -0.1452344  0.0000011 -0.0000058 -0.0409558 -0.1401044
 4.9979883  0.0486525 -0.1180378  0.0128769 -0.1402249 -0.0001314 -0.0000514 -0.0371107 -0.1360854
 5.2835876  0.0462307 -0.1158459  0.0126807 -0.1357963 -0.0000998  0.0000329 -0.0334813 -0.1322128
 5.5691870  0.0435467 -0.1121657  0.0131203 -0.1304945 -0.0000934 -0.0000045 -0.0314495 -0.1280372
 5.8547863  0.0418259 -0.1112967  0.0122289 -0.1259954  0.0002522 -0.0000094 -0.0285304 -0.1245448
 6.1403856  0.0395221 -0.1080224  0.0121414 -0.1226315  0.0000827  0.0001690 -0.0261815 -0.1202646
 6.4259850  0.0380382 -0.1054465  0.0115833 -0.1192554 -0.0000108 -0.0001395 -0.0244985 -0.1177291
 6.7115843  0.0363822 -0.1034578  0.0119175 -0.1159856 -0.0000475 -0.0001709 -0.0224139 -0.1143581
 6.9971836  0.0343681 -0.1019420  0.0111699 -0.1124499  0.0002265 -0.0002407 -0.0204823 -0.1115559
 7.2827830  0.0331606 -0.0982360  0.0108809 -0.1094856  0.0000331  0.0000187 -0.0196196 -0.1088236
 7.5683823  0.0314347 -0.0969067  0.0099135 -0.1062919 -0.0000934  0.0002430 -0.0180106 -0.1061083
 7.8539816  0.0298115 -0.0947109  0.0104529 -0.1039839  0.0000221 -0.0000791 -0.0164578 -0.1034599
 8.1395810  0.0290790 -0.0926295  0.0103465 -0.1006125  0.0001878 -0.0000750 -0.0154650 -0.1004559
 8.4251803  0.0269212 -0.0913663  0.0095069 -0.0982122  0.0000785  0.0002170 -0.0140814 -0.0981457
 8.7107796  0.0265369 -0.0884626  0.0100821 -0.0958306 -0.0000274 -0.0000575 -0.0135941 -0.0962568
 8.9963790  0.0260387 -0.0869205  0.0083405 -0.0943190  0.0000077 -0.0001766 -0.0125120 -0.0938243
 9.2819783  0.0242335 -0.0856958  0.0090144 -0.0909077  0.0001630 -0.0001030 -0.0117082 -0.0913694
 9.5675776  0.0228412 -0.0830302  0.0080258 -0.0893071 -0.0000427  0.0002634 -0.0111238 -0.0889629
 9.8531770  0.0227632 -0.0830412  0.0080175 -0.0875865 -0.0000511  0.0002616 -0.0107452 -0.0872683
 10.1387763  0.0210927 -0.0810855  0.0079883 -0.0856202 -0.0000735  0.0000344 -0.0104324 -0.0851187
 10.4243756  0.0204951 -0.0789050  0.0084869 -0.0837306  0.0000740 -0.0000085 -0.0097328 -0.0842213
 10.7099750  0.0202634 -0.0777858  0.0068145 -0.0811571  0.0001839 -0.0000432 -0.0090319 -0.0822135
 10.9955743  0.0183591 -0.0763430  0.0071176 -0.0804606 -0.0000062 -0.0000202 -0.0087804 -0.0807956
 11.2811736  0.0191331 -0.0747372  0.0069203 -0.0788772 -0.0000134 -0.0000445 -0.0077181 -0.0788946
 11.5667730  0.0173420 -0.0740653  0.0064746 -0.0769083  0.0000094 -0.0000707 -0.0074389 -0.0773449
 11.8523723  0.0165748 -0.0717529  0.0068184 -0.0765124  0.0000472 -0.0000121 -0.0070462 -0.0751346
 12.1379716  0.0167065 -0.0711506  0.0064529 -0.0738373  0.0000417  0.0001461 -0.0069049 -0.0743151
 12.4235709  0.0155065 -0.0700266  0.0059543 -0.0720278  0.0000535  0.0001579 -0.0067144 -0.0730221
 12.7091703  0.0151653 -0.0681150  0.0059296 -0.0707099 -0.0000648 -0.0000605 -0.0060519 -0.0713936
 12.9947696  0.0154560 -0.0675084  0.0056058 -0.0699146  0.0001443 -0.0000616 -0.0056776 -0.0704532
 13.2803689  0.0144374 -0.0665759  0.0057695 -0.0689627 -0.0000138  0.0000808 -0.0055267 -0.0689199
 13.5659683  0.0135164 -0.0651681  0.0056200 -0.0676310 -0.0000902 -0.0000925 -0.0052675 -0.0677660
 13.8515676  0.0139534 -0.0641358  0.0056317 -0.0661571 -0.0000632 -0.0002856 -0.0049761 -0.0664181
 14.1371669  0.0126416 -0.0638859  0.0050927 -0.0646452  0.0000398  0.0001686 -0.0050786 -0.0652381
 14.4227663  0.0123797 -0.0617839  0.0053019 -0.0644217 -0.0001129  0.0001555 -0.0043420 -0.0644380
 14.7083656  0.0117813 -0.0614689  0.0043128 -0.0632145 -0.0001181  0.0001616 -0.0043722 -0.0633638
 14.9939649  0.0117527 -0.0601145  0.0046644 -0.0616599  0.0000816  0.0000937 -0.0043499 -0.0619987
 15.2795643  0.0108249 -0.0590529  0.0046995 -0.0607898  0.0000043 -0.0000334 -0.0038726 -0.0610401
 15.5651636  0.0105615 -0.0584037  0.0044477 -0.0601765  0.0000013 -0.0000341 -0.0041893 -0.0602523
 15.8507629  0.0106125 -0.0571302  0.0035769 -0.0586466  0.0000867 -0.0001075 -0.0039397 -0.0590568
 16.1363623  0.0101152 -0.0569879  0.0039332 -0.0582160  0.0000906 -0.0000407 -0.0034448 -0.0581371
 16.4219616  0.0099923 -0.0556820  0.0045194 -0.0570441 -0.0000959  0.0000858 -0.0039359 -0.0576043
 16.7075609  0.0092238 -0.0545978  0.0033932 -0.0562178 -0.0001091  0.0000960 -0.0033225 -0.0562854
 16.9931603  0.0104834 -0.0538023  0.0031234 -0.0561579  0.0000957 -0.0000054 -0.0031860 -0.0557811
 17.2787596  0.0089515 -0.0536368  0.0041802 -0.0539529  0.0000399  0.0001628 -0.0036641 -0.0547947
 17.5643589  0.0090013 -0.0519468  0.0031449 -0.0541359  0.0002026 -0.0001195 -0.0033494 -0.0541587
 17.8499583  0.0090541 -0.0519234  0.0037179 -0.0531763  0.0000836 -0.0000104 -0.0027122 -0.0537861
 18.1355576  0.0086142 -0.0508053  0.0033234 -0.0523550 -0.0000041 -0.0000262 -0.0025357 -0.0523354
 18.4211569  0.0084045 -0.0503730  0.0033269 -0.0508670  0.0000644  0.0000156 -0.0023061 -0.0517397
 18.7067563  0.0081053 -0.0496851  0.0034764 -0.0510643  0.0000480  0.0001078 -0.0027980 -0.0513116
 18.9923556  0.0082116 -0.0493009  0.0037952 -0.0498032  0.0001130  0.0000179 -0.0022777 -0.0500847
 19.2779549  0.0078970 -0.0486386  0.0029199 -0.0493019 -0.0000903 -0.0000748 -0.0024037 -0.0497130
 19.5635543  0.0071962 -0.0474324  0.0029900 -0.0483085  0.0000363  0.0000734 -0.0023815 -0.0485439
 19.8491536  0.0069510 -0.0465727  0.0026729 -0.0482216  0.0000997  0.0000235 -0.0021055 -0.0480357
 20.1347529  0.0074278 -0.0471600  0.0031182 -0.0477444  0.0001003  0.0000603 -0.0020503 -0.0477739
 20.4203522  0.0070640 -0.0460630  0.0032951 -0.0467769 -0.0000230 -0.0001347 -0.0018420 -0.0470300
 20.7059516  0.0072739 -0.0453276  0.0023200 -0.0462370  0.0000081 -0.0001506 -0.0023268 -0.0464260
 20.9915509  0.0066558 -0.0456308  0.0028563 -0.0455445  0.0000651 -0.0001552 -0.0027649 -0.0457136
 21.2771502  0.0059678 -0.0441860  0.0030314 -0.0449616 -0.0000799  0.0002099 -0.0022301 -0.0452651
 21.5627496  0.0063720 -0.0437925  0.0023118 -0.0450237 -0.0000823  0.0000493 -0.0019480 -0.0450392
 21.8483489  0.0058527 -0.0434317  0.0024020 -0.0442878  0.0000060  0.0000450 -0.0019582 -0.0445248
 22.1339482  0.0066324 -0.0423164  0.0020247 -0.0432099 -0.0000549  0.0000488 -0.0018217 -0.0430335
 22.4195476  0.0058015 -0.0430747  0.0028370 -0.0433889  0.0001257  0.0001659 -0.0018113 -0.0431499
 22.7051469  0.0054423 -0.0422033  0.0023196 -0.0419281 -0.0000254  0.0000025 -0.0017223 -0.0428646
 22.9907462  0.0057368 -0.0410152  0.0022912 -0.0423525 -0.0000689 -0.0000595 -0.0015049 -0.0421761
 23.2763456  0.0054419 -0.0409113  0.0022841 -0.0412127 -0.0001998 -0.0000256 -0.0018747 -0.0416452
 23.5619449  0.0058536 -0.0403954  0.0016773 -0.0409286 -0.0001156 -0.0000836 -0.0016161 -0.0412730
 23.8475442  0.0048756 -0.0403942  0.0024124 -0.0407429 -0.0001945 -0.0000905 -0.0016965 -0.0409895
 24.1331436  0.0052309 -0.0395125  0.0019221 -0.0403727 -0.0001741 -0.0000335 -0.0013877 -0.0404720
 24.4187429  0.0052247 -0.0388606  0.0018299 -0.0401990 -0.0000113  0.0000146 -0.0016316 -0.0398967
 24.7043422  0.0050406 -0.0389821  0.0021025 -0.0394083  0.0001571  0.0000544 -0.0014047 -0.0394496
 24.9899416  0.0044853 -0.0383554  0.0022797 -0.0382255  0.0000968  0.0001926 -0.0012724 -0.0390004
 25.2755409  0.0045409 -0.0375698  0.0026108 -0.0384401 -0.0001364  0.0001576 -0.0015898 -0.0386271
 25.5611402  0.0059290 -0.0374226  0.0020183 -0.0374812 -0.0000630 -0.0002512 -0.0014165 -0.0389884
 25.8467396  0.0048292 -0.0377357  0.0020793 -0.0382197  0.0001318 -0.0001467 -0.0007885 -0.0376206
 26.1323389  0.0048339 -0.0364708  0.0016798 -0.0368685  0.0000621  0.0001766 -0.0010730 -0.0377720
 26.4179382  0.0041176 -0.0367647  0.0021445 -0.0372164 -0.0000226  0.0001387 -0.0008622 -0.0371222
 26.7035376  0.0050929 -0.0363693  0.0018689 -0.0362966  0.0000155  0.0000829 -0.0015363 -0.0364535
 26.9891369  0.0038099 -0.0356965  0.0018178 -0.0359055 -0.0000821 -0.0001369 -0.0009415 -0.0363113
 27.2747362  0.0044494 -0.0355042  0.0020945 -0.0354729 -0.0000583  0.0000512 -0.0007759 -0.0358419
 27.5603356  0.0039349 -0.0347670  0.0019126 -0.0352800  0.0000530 -0.0000037 -0.0010677 -0.0357844
 27.8459349  0.0043438 -0.0345053  0.0013421 -0.0351156 -0.0001269 -0.0000552 -0.0009408 -0.0353292
 28.1315342  0.0033933 -0.0350030  0.0017522 -0.0341989 -0.0001207 -0.0000580 -0.0014466 -0.0349536
 28.4171335  0.0039467 -0.0328621  0.0010679 -0.0347097 -0.0001229 -0.0000371 -0.0008728 -0.0345384
 28.7027329  0.0042494 -0.0340698  0.0008517 -0.0339260 -0.0001281 -0.0001907 -0.0014895 -0.0338765
 28.9883322  0.0031998 -0.0335661  0.0013914 -0.0341627 -0.0000024  0.0000211 -0.0011774 -0.0341756
 29.2739315  0.0036463 -0.0325630  0.0017809 -0.0333367  0.0001011 -0.0001842 -0.0009431 -0.0337127
 29.5595309  0.0038007 -0.0328023  0.0014794 -0.0331307  0.0001102 -0.0000876 -0.0008605 -0.0336336
 29.8451302  0.0031404 -0.0317662  0.0013647 -0.0326218  0.0000478  0.0000286 -0.0002706 -0.0334742
 30.1307295  0.0038616 -0.0326357  0.0011099 -0.0321857 -0.0000959 -0.0000120 -0.0003601 -0.0322482
 30.4163289  0.0044190 -0.0319765  0.0014370 -0.0328444 -0.0001843 -0.0001185 -0.0007875 -0.0323689
 30.7019282  0.0025751 -0.0318150  0.0011051 -0.0317954 -0.0000144  0.0000815 -0.0003166 -0.0316424
 30.9875275  0.0031449 -0.0312148  0.0013164 -0.0314133  0.0000141  0.0001257 -0.0008424 -0.0315598
 31.2731269  0.0036259 -0.0316792  0.0015049 -0.0312476  0.0000175  0.0002536 -0.0010181 -0.0314404
 31.5587262  0.0020607 -0.0309074  0.0013808 -0.0310019  0.0000393  0.0000777 -0.0008759 -0.0317958
 31.8443255  0.0033310 -0.0302029  0.0016978 -0.0306789  0.0000743  0.0000706 -0.0006760 -0.0306251
 32.1299249  0.0034717 -0.0306187  0.0012442 -0.0298627 -0.0001240  0.0000783 -0.0006104 -0.0309033
 32.4155242  0.0032801 -0.0295088  0.0010114 -0.0306793  0.0000183 -0.0001619 -0.0007060 -0.0306263
 32.7011235  0.0036868 -0.0303048  0.0009951 -0.0294716 -0.0000585 -0.0001312 -0.0003728 -0.0304255
 32.9867229  0.0025382 -0.0302501  0.0008441 -0.0299142  0.0000329 -0.0000118 -0.0005751 -0.0299795
 33.2723222  0.0021825 -0.0290080  0.0007958 -0.0299431 -0.0001576  0.0000022 -0.0005632 -0.0300171
 33.5579215  0.0034082 -0.0292699  0.0014003 -0.0294110  0.0000054 -0.0001192 -0.0006050 -0.0295228
 33.8435209  0.0020235 -0.0289155  0.0013777 -0.0289128 -0.0000580 -0.0000106 -0.0002301 -0.0292506
 34.1291202  0.0028839 -0.0288916  0.0013921 -0.0282726  0.0000914  0.0000333 -0.0004100 -0.0284706
 34.4147195  0.0026140 -0.0285460  0.0006344 -0.0293705  0.0002371 -0.0000149 -0.0003461 -0.0287848
 34.7003189  0.0020962 -0.0282630  0.0014904 -0.0278737  0.0001110 -0.0000949 -0.0002041 -0.0286166
 34.9859182  0.0028203 -0.0275425  0.0008941 -0.0280836 -0.0001560 -0.0000471 -0.0004075 -0.0283899
 35.2715175  0.0031596 -0.0277975  0.0009274 -0.0273140 -0.0001742 -0.0001177 -0.0000503 -0.0276122
 35.5571169  0.0027440 -0.0276641  0.0013595 -0.0278029 -0.0000330  0.0000189 -0.0003012 -0.0276809
 35.8427162  0.0033848 -0.0277370  0.0008238 -0.0279696  0.0000378  0.0001435 -0.0002038 -0.0270084
 36.1283155  0.0022250 -0.0272889  0.0010478 -0.0274586  0.0001738  0.0001126 -0.0009831 -0.0268917
 36.4139148  0.0021354 -0.0268674  0.0009288 -0.0273056 -0.0000308  0.0000660 -0.0007640 -0.0271473
 36.6995142  0.0023999 -0.0266516  0.0008562 -0.0269543  0.0000388 -0.0000561 -0.0004450 -0.0268631
 36.9851135  0.0022050 -0.0268100  0.0007980 -0.0266105  0.0000513 -0.0001859 -0.0007363 -0.0258838
 37.2707128  0.0031061 -0.0264182  0.0008749 -0.0263557 -0.0000553 -0.0001179 -0.0007923 -0.0261899
 37.5563122  0.0023265 -0.0259492  0.0011326 -0.0267578 -0.0000692  0.0000684 -0.0008414 -0.0259863
 37.8419115  0.0022106 -0.0257550  0.0010966 -0.0257994  0.0001929  0.0001500 -0.0004112 -0.0262406
 38.1275108  0.0023178 -0.0258134  0.0009349 -0.0260989 -0.0000710 -0.0000195 -0.0008598 -0.0259081
 38.4131102  0.0022275 -0.0265790  0.0002103 -0.0259849 -0.0001740 -0.0000217 -0.0006283 -0.0257855
 38.6987095  0.0024084 -0.0257378  0.0011818 -0.0256814  0.0000959  0.0000228 -0.0002610 -0.0250314
 38.9843088  0.0018664 -0.0259054  0.0004648 -0.0252977  0.0000879 -0.0000447 -0.0007671 -0.0253941
 39.2699082  0.0010952 -0.0254887  0.0010081 -0.0251386  0.0001490  0.0000453 -0.0005954 -0.0249605
 39.5555075  0.0018279 -0.0242274  0.0011621 -0.0247307  0.0000169  0.0000876 -0.0006430 -0.0248952
 39.8411068  0.0020295 -0.0238747  0.0007387 -0.0246198 -0.0000296 -0.0001618 -0.0008221 -0.0243767
 40.1267062  0.0021399 -0.0247405  0.0005011 -0.0241687  0.0000442 -0.0001064 -0.0009399 -0.0247605
