#w_matsubara  g11_Re     g11_Im     g12_Re     g12_Im     g13_Re     g13_Im     g12_nambu_Re     g12_nambu_Im     
 0.1427997 -0.1707580 -0.7408757  0.2204576  0.0965702  0.0150235 -0.0211811  0.0008551  0.0000283
 0.4283990 -0.1463447 -0.6411779  0.1602327  0.0709670  0.0062099 -0.0091016  0.0002098 -0.0000893
 0.7139983 -0.1256750 -0.5723553  0.1251728  0.0608565  0.0042040 -0.0050207  0.0000241 -0.0000320
 0.9995977 -0.1071842 -0.5221729  0.1020509  0.0557497  0.0031725 -0.0030154  0.0000444 -0.0000318
 1.2851970 -0.0905474 -0.4826425  0.0856948  0.0517633  0.0025383 -0.0017996 -0.0000829  0.0000461
 1.5707963 -0.0754313 -0.4514959  0.0733119  0.0492425  0.0020109 -0.0010868  0.0000033 -0.0000437
 1.8563957 -0.0624433 -0.4250743  0.0636882  0.0471004  0.0016432 -0.0006856  0.0000112  0.0001271
 2.1419950 -0.0511921 -0.4027426  0.0559517  0.0451241  0.0013432 -0.0004181  0.0000872 -0.0000181
 2.4275943 -0.0416211 -0.3836008  0.0498328  0.0433199  0.0011299 -0.0001919 -0.0000672  0.0000945
 2.7131937 -0.0332811 -0.3663757  0.0444034  0.0415679  0.0009240 -0.0000946 -0.0000300  0.0000348
 2.9987930 -0.0269220 -0.3516506  0.0400093  0.0398580  0.0007432  0.0000231 -0.0000162 -0.0000301
 3.2843923 -0.0206946 -0.3375592  0.0360173  0.0383552  0.0006282  0.0000239 -0.0001165  0.0000056
 3.5699917 -0.0163672 -0.3246368  0.0328255  0.0369066  0.0005142  0.0001356  0.0000644 -0.0000664
 3.8555910 -0.0123051 -0.3131404  0.0299001  0.0354636  0.0004456  0.0001184  0.0000486  0.0000592
 4.1411903 -0.0085572 -0.3019589  0.0271157  0.0340739  0.0003658  0.0001110  0.0000192  0.0000225
 4.4267896 -0.0059236 -0.2918896  0.0249972  0.0328762  0.0003932  0.0001056 -0.0000031  0.0000072
 4.7123890 -0.0034549 -0.2830113  0.0231292  0.0316759  0.0002682  0.0001201 -0.0000008  0.0000387
 4.9979883 -0.0016948 -0.2738200  0.0213396  0.0306707  0.0002574  0.0001556  0.0000059  0.0000070
 5.2835876  0.0000702 -0.2655564  0.0196047  0.0297837  0.0002145  0.0000849 -0.0000117  0.0000254
 5.5691870  0.0008407 -0.2577611  0.0183277  0.0285585  0.0001922  0.0001614  0.0001057 -0.0000315
 5.8547863  0.0022246 -0.2502755  0.0170182  0.0277165  0.0001272  0.0001428 -0.0000504 -0.0000711
 6.1403856  0.0041183 -0.2429234  0.0158813  0.0266590  0.0001706  0.0001073  0.0000168 -0.0000562
 6.4259850  0.0040649 -0.2367749  0.0146241  0.0259453  0.0000702  0.0001126 -0.0001293 -0.0000677
 6.7115843  0.0048678 -0.2304046  0.0136916  0.0251123  0.0000759  0.0000753  0.0000352  0.0000588
 6.9971836  0.0050812 -0.2244507  0.0129014  0.0245196  0.0000304  0.0001032 -0.0000672  0.0000310
 7.2827830  0.0053983 -0.2179024  0.0119344  0.0236065  0.0000970  0.0000294 -0.0000418  0.0000226
 7.5683823  0.0059576 -0.2125782  0.0112596  0.0230249  0.0000582  0.0000954  0.0000304 -0.0000857
 7.8539816  0.0063575 -0.2074721  0.0108140  0.0223461 -0.0000129  0.0000589  0.0000490  0.0000277
 8.1395810  0.0064223 -0.2025371  0.0099657  0.0217375  0.0000329  0.0000934  0.0000094  0.0001100
 8.4251803  0.0060881 -0.1973862  0.0094670  0.0210436  0.0000190  0.0000832 -0.0000149 -0.0000685
 8.7107796  0.0071375 -0.1936198  0.0090501  0.0207677 -0.0000404  0.0000093 -0.0000240  0.0000880
 8.9963790  0.0065894 -0.1892374  0.0084806  0.0200015 -0.0000115  0.0000507 -0.0000199 -0.0000017
 9.2819783  0.0066523 -0.1834805  0.0081119  0.0196295  0.0000222  0.0000229 -0.0000002  0.0000494
 9.5675776  0.0064119 -0.1798905  0.0073706  0.0192163  0.0000389  0.0000365 -0.0000395 -0.0000233
 9.8531770  0.0061250 -0.1762221  0.0073271  0.0185321  0.0000335  0.0000952  0.0000102 -0.0000199
 10.1387763  0.0065115 -0.1727823  0.0069577  0.0181414 -0.0000396  0.0000342  0.0000100 -0.0000245
 10.4243756  0.0058710 -0.1686232  0.0067112  0.0176848 -0.0000070  0.0000807 -0.0000322  0.0000111
 10.7099750  0.0059049 -0.1654593  0.0061841  0.0172594 -0.0000086  0.0000330  0.0000950 -0.0000217
 10.9955743  0.0058628 -0.1623934  0.0059794  0.0169378 -0.0000436  0.0000686 -0.0000353 -0.0000643
 11.2811736  0.0062457 -0.1582188  0.0056945  0.0164778  0.0000482  0.0000247  0.0000619  0.0001099
 11.5667730  0.0058647 -0.1550495  0.0054535  0.0162309  0.0000040  0.0000065 -0.0000368 -0.0000063
 11.8523723  0.0060577 -0.1525682  0.0053480  0.0158102  0.0000400  0.0000505 -0.0000102  0.0001087
 12.1379716  0.0057457 -0.1496936  0.0051146  0.0156558 -0.0000030  0.0000321 -0.0000759 -0.0000774
 12.4235709  0.0060292 -0.1471881  0.0047672  0.0152870 -0.0000081 -0.0000059  0.0000135  0.0000666
 12.7091703  0.0050703 -0.1451337  0.0047175  0.0149780 -0.0000321  0.0000272 -0.0000007  0.0000489
 12.9947696  0.0054805 -0.1419158  0.0044561  0.0145795 -0.0000599  0.0000402  0.0000744  0.0000041
 13.2803689  0.0054355 -0.1395903  0.0043847  0.0143309 -0.0000696  0.0000503 -0.0000675 -0.0000157
 13.5659683  0.0058067 -0.1365705  0.0038677  0.0141808 -0.0000137 -0.0000372  0.0000094  0.0000501
 13.8515676  0.0050003 -0.1342508  0.0039347  0.0136916  0.0000032  0.0000078  0.0000383 -0.0000457
 14.1371669  0.0047011 -0.1314936  0.0037286  0.0133631 -0.0000091  0.0000381 -0.0000149  0.0000154
 14.4227663  0.0051508 -0.1296369  0.0036786  0.0132013 -0.0000460 -0.0000042  0.0000010  0.0000059
 14.7083656  0.0043723 -0.1273070  0.0035843  0.0128474  0.0000169  0.0000614  0.0000406  0.0000159
 14.9939649  0.0048239 -0.1252077  0.0033575  0.0128179 -0.0000194  0.0000024 -0.0000723 -0.0000277
 15.2795643  0.0046034 -0.1231001  0.0031493  0.0124889 -0.0000191 -0.0000187  0.0000511  0.0000879
 15.5651636  0.0046917 -0.1214632  0.0029688  0.0123227  0.0000220 -0.0000175  0.0000189 -0.0000098
 15.8507629  0.0046065 -0.1195546  0.0029226  0.0120709 -0.0000333 -0.0000168  0.0000328 -0.0000329
 16.1363623  0.0047176 -0.1175515  0.0027545  0.0117282 -0.0000322 -0.0000557 -0.0000807 -0.0000932
 16.4219616  0.0039230 -0.1158136  0.0028607  0.0118184 -0.0000619  0.0000353 -0.0000797  0.0000161
 16.7075609  0.0049636 -0.1139305  0.0025702  0.0116356 -0.0000384 -0.0000031 -0.0000826  0.0000445
 16.9931603  0.0039904 -0.1120570  0.0027044  0.0112953 -0.0000025  0.0000217 -0.0000115  0.0000011
 17.2787596  0.0038365 -0.1109131  0.0025665  0.0113299 -0.0000554 -0.0000084  0.0000130 -0.0000086
 17.5643589  0.0031890 -0.1088378  0.0025246  0.0110750 -0.0000058  0.0000501  0.0000010  0.0001269
 17.8499583  0.0034581 -0.1077869  0.0022395  0.0108222 -0.0000627  0.0000081  0.0000903  0.0000422
 18.1355576  0.0034605 -0.1062597  0.0023195  0.0106922 -0.0000445 -0.0000010 -0.0000172 -0.0000719
 18.4211569  0.0037431 -0.1042291  0.0023288  0.0105110  0.0000147 -0.0000111  0.0000987  0.0000127
 18.7067563  0.0035342 -0.1023885  0.0021777  0.0104193 -0.0000101 -0.0000631 -0.0000571 -0.0000294
 18.9923556  0.0039464 -0.1014883  0.0019488  0.0104048  0.0000148 -0.0000775  0.0000029 -0.0000008
 19.2779549  0.0030735 -0.1003002  0.0021564  0.0101510  0.0000053 -0.0000051  0.0000895 -0.0000237
 19.5635543  0.0038166 -0.0990340  0.0020068  0.0098894 -0.0000142 -0.0000322  0.0000032  0.0000197
 19.8491536  0.0036919 -0.0975753  0.0018299  0.0097269  0.0000209 -0.0000332  0.0000131  0.0000329
 20.1347529  0.0027219 -0.0961751  0.0019252  0.0096151  0.0000433  0.0000190  0.0000083 -0.0000199
 20.4203522  0.0033306 -0.0953291  0.0018141  0.0096755 -0.0000205 -0.0000479 -0.0000454  0.0000606
 20.7059516  0.0030693 -0.0937820  0.0017050  0.0092506 -0.0000018  0.0000074 -0.0000107 -0.0000429
 20.9915509  0.0028091 -0.0931272  0.0017588  0.0092303 -0.0000239 -0.0000514 -0.0000145  0.0000101
 21.2771502  0.0022640 -0.0913816  0.0017612  0.0092192 -0.0000088 -0.0000128  0.0000228 -0.0000912
 21.5627496  0.0025030 -0.0907936  0.0016878  0.0090669 -0.0000295 -0.0000166  0.0000064  0.0000945
 21.8483489  0.0028914 -0.0894644  0.0016002  0.0090167 -0.0000024  0.0000044  0.0000303 -0.0000594
 22.1339482  0.0028894 -0.0884801  0.0013297  0.0088011 -0.0000017 -0.0000371 -0.0000292  0.0000908
 22.4195476  0.0026886 -0.0871148  0.0015671  0.0089285 -0.0000276 -0.0000762  0.0000228  0.0000497
 22.7051469  0.0028808 -0.0860314  0.0014386  0.0087197  0.0000235 -0.0000246  0.0000597  0.0000104
 22.9907462  0.0024879 -0.0859262  0.0014697  0.0085999 -0.0000036  0.0000342 -0.0000144 -0.0000523
 23.2763456  0.0028275 -0.0843027  0.0013831  0.0084792 -0.0000450 -0.0000409  0.0000133  0.0000128
 23.5619449  0.0022449 -0.0829322  0.0014208  0.0084195  0.0000044 -0.0000295  0.0000180  0.0000098
 23.8475442  0.0027546 -0.0825802  0.0012561  0.0083996 -0.0000243 -0.0000526  0.0000359  0.0000585
 24.1331436  0.0023724 -0.0812548  0.0012997  0.0080758  0.0000794 -0.0000199 -0.0000314 -0.0000134
 24.4187429  0.0019340 -0.0802994  0.0013616  0.0078180  0.0000607  0.0000184 -0.0000082 -0.0000003
 24.7043422  0.0023555 -0.0797861  0.0013913  0.0079613 -0.0000367 -0.0000257  0.0000321 -0.0000744
 24.9899416  0.0022532 -0.0783383  0.0012663  0.0076849  0.0000237 -0.0000079  0.0000017 -0.0000027
 25.2755409  0.0022204 -0.0778810  0.0012254  0.0076894  0.0000158 -0.0000474 -0.0000253  0.0000316
 25.5611402  0.0023765 -0.0770624  0.0010839  0.0077468  0.0000404 -0.0000162  0.0000740  0.0001198
 25.8467396  0.0017727 -0.0756883  0.0012064  0.0073974  0.0000888  0.0000511  0.0000008 -0.0000520
 26.1323389  0.0015364 -0.0757918  0.0012377  0.0076481 -0.0000007 -0.0000305 -0.0001159  0.0000819
 26.4179382  0.0020885 -0.0752815  0.0012995  0.0076238 -0.0000687  0.0000328  0.0000169  0.0000282
 26.7035376  0.0019335 -0.0739381  0.0009861  0.0074219  0.0000065  0.0000077 -0.0000171  0.0000636
 26.9891369  0.0022787 -0.0726917  0.0009979  0.0074147  0.0000276 -0.0000504  0.0001191  0.0000607
 27.2747362  0.0023969 -0.0724257  0.0010426  0.0072553 -0.0000161 -0.0000683 -0.0000167  0.0001048
 27.5603356  0.0020713 -0.0715753  0.0011334  0.0072536  0.0000408 -0.0000418  0.0000234  0.0000532
 27.8459349  0.0018484 -0.0710811  0.0011261  0.0070103  0.0000347 -0.0000054  0.0000107  0.0000677
 28.1315342  0.0021953 -0.0701728  0.0010253  0.0070951  0.0000326 -0.0000139 -0.0000014  0.0000122
 28.4171335  0.0015971 -0.0696009  0.0010112  0.0067738  0.0000342  0.0000234 -0.0000254 -0.0000274
 28.7027329  0.0017889 -0.0688634  0.0009500  0.0069089  0.0000032 -0.0000361  0.0000212  0.0000294
 28.9883322  0.0017279 -0.0685158  0.0008480  0.0068183  0.0000259 -0.0000356  0.0000015 -0.0000400
 29.2739315  0.0015350 -0.0674328  0.0008926  0.0066927  0.0000755 -0.0000113 -0.0001305  0.0000617
 29.5595309  0.0019444 -0.0674140  0.0011551  0.0068683 -0.0000507 -0.0000496  0.0000824  0.0000327
 29.8451302  0.0018983 -0.0663195  0.0010119  0.0065354  0.0000363 -0.0000249  0.0000662  0.0000108
 30.1307295  0.0016435 -0.0659613  0.0009376  0.0066052  0.0000080 -0.0000093 -0.0000609  0.0000316
 30.4163289  0.0015544 -0.0657589  0.0008794  0.0065050  0.0000182  0.0000207 -0.0000304 -0.0000115
 30.7019282  0.0019093 -0.0649435  0.0008386  0.0064347 -0.0000210 -0.0000268 -0.0000949 -0.0000251
 30.9875275  0.0015189 -0.0638402  0.0008040  0.0064450  0.0000100  0.0000063  0.0000016 -0.0000573
 31.2731269  0.0014602 -0.0639006  0.0009357  0.0063187  0.0000040 -0.0000135 -0.0000530  0.0000410
 31.5587262  0.0015938 -0.0628306  0.0009630  0.0062292  0.0000167  0.0000102  0.0000294 -0.0000030
 31.8443255  0.0011526 -0.0626983  0.0009064  0.0064069 -0.0000535  0.0000214 -0.0000215  0.0000824
 32.1299249  0.0011388 -0.0613647  0.0006760  0.0061343  0.0000442  0.0000153  0.0000136 -0.0000378
 32.4155242  0.0013554 -0.0612258  0.0008538  0.0060881  0.0000114  0.0000219 -0.0000895  0.0000052
 32.7011235  0.0009803 -0.0617560  0.0007471  0.0060365 -0.0000057  0.0000259  0.0000192 -0.0000083
 32.9867229  0.0018052 -0.0606052  0.0005791  0.0061829 -0.0000516 -0.0000722  0.0000193 -0.0000240
 33.2723222  0.0013467 -0.0598612  0.0009121  0.0058113 -0.0000096  0.0000511  0.0000171  0.0000516
 33.5579215  0.0015520 -0.0587057  0.0007555  0.0057300  0.0000758  0.0000247  0.0000611 -0.0000975
 33.8435209  0.0018487 -0.0588928  0.0007242  0.0058710  0.0000611 -0.0000206 -0.0000297  0.0000293
 34.1291202  0.0013258 -0.0589043  0.0008454  0.0058468 -0.0000226  0.0000193  0.0000032  0.0000057
 34.4147195  0.0012817 -0.0575605  0.0009209  0.0056382  0.0000127  0.0000262 -0.0000308  0.0000170
 34.7003189  0.0007650 -0.0575878  0.0006157  0.0055672 -0.0000141  0.0000707  0.0000334 -0.0000247
 34.9859182  0.0013646 -0.0571006  0.0007107  0.0056318  0.0000021 -0.0000224 -0.0000177  0.0000062
 35.2715175  0.0013630 -0.0569570  0.0007395  0.0057208 -0.0000081 -0.0000124 -0.0000340  0.0000206
 35.5571169  0.0013054 -0.0560812  0.0006168  0.0055823 -0.0000566  0.0000243  0.0000919  0.0000591
 35.8427162  0.0011725 -0.0556464  0.0009136  0.0055699 -0.0000486 -0.0000179 -0.0000341 -0.0000071
 36.1283155  0.0006716 -0.0554630  0.0007707  0.0054771 -0.0000006  0.0000011  0.0000720  0.0000485
 36.4139148  0.0017799 -0.0551966  0.0007404  0.0054447 -0.0000274 -0.0000036 -0.0000124  0.0000526
 36.6995142  0.0008828 -0.0545964  0.0007325  0.0054478 -0.0000022  0.0000568  0.0000467  0.0000661
 36.9851135  0.0017442 -0.0537857  0.0005370  0.0054000  0.0000185 -0.0000145  0.0000176 -0.0000862
 37.2707128  0.0010636 -0.0540212  0.0007681  0.0052634  0.0000163 -0.0000232  0.0000146  0.0000907
 37.5563122  0.0010618 -0.0531922  0.0006656  0.0053643 -0.0000433 -0.0000395  0.0000074 -0.0000026
 37.8419115  0.0015049 -0.0529232  0.0004548  0.0052148  0.0000255 -0.0000644 -0.0001315  0.0000246
 38.1275108  0.0008094 -0.0529149  0.0007473  0.0051728 -0.0000690 -0.0000079  0.0000655 -0.0000963
 38.4131102  0.0010369 -0.0521541  0.0005067  0.0053087 -0.0000147 -0.0000301  0.0000141 -0.0000326
 38.6987095  0.0014631 -0.0511727  0.0004862  0.0050449  0.0000345  0.0000259 -0.0000071  0.0000175
 38.9843088  0.0011771 -0.0514835  0.0005265  0.0051199 -0.0000336 -0.0000483 -0.0000729  0.0000432
 39.2699082  0.0009634 -0.0510477  0.0004317  0.0050163  0.0000168 -0.0000013  0.0000097 -0.0000190
 39.5555075  0.0008865 -0.0506510  0.0004816  0.0049907 -0.0000047 -0.0000036 -0.0000762  0.0000724
 39.8411068  0.0007537 -0.0502897  0.0003186  0.0049510  0.0000296 -0.0000052 -0.0000490 -0.0000415
 40.1267062  0.0007601 -0.0503407  0.0005984  0.0051196 -0.0000249 -0.0000091 -0.0000427 -0.0000507
