#w_matsubara  g11_Re     g11_Im     g12_Re     g12_Im     g13_Re     g13_Im     g12_nambu_Re     g12_nambu_Im     
 0.1427997  5.5767604 -0.5443421 -0.3471145 -0.0713136 -0.2188845  0.1674888  0.0003850  0.0001353
 0.4283990  5.6254766 -0.9286044 -0.3370052 -0.1404029 -0.2267773  0.1274367  0.0000686 -0.0001856
 0.7139983  5.6589516 -1.2044648 -0.3296763 -0.1857520 -0.2185981  0.1032164 -0.0001967  0.0002672
 0.9995977  5.6636607 -1.4098328 -0.3263668 -0.2168202 -0.2103903  0.0846005  0.0006273  0.0004890
 1.2851970  5.6463282 -1.5597458 -0.3261060 -0.2349249 -0.1981037  0.0710735  0.0014652 -0.0003824
 1.5707963  5.6170755 -1.6765070 -0.3236057 -0.2393830 -0.1785383  0.0635058  0.0003955 -0.0000773
 1.8563957  5.5754668 -1.7627653 -0.3215594 -0.2435783 -0.1657790  0.0514876  0.0007426 -0.0006475
 2.1419950  5.5267900 -1.8210083 -0.3168878 -0.2378792 -0.1471387  0.0514246 -0.0003970 -0.0002172
 2.4275943  5.4729283 -1.8614867 -0.3073854 -0.2278264 -0.1149964  0.0446220 -0.0013509  0.0008864
 2.7131937  5.4250222 -1.8910602 -0.3004315 -0.2206808 -0.1159771  0.0461119  0.0016645  0.0004795
 2.9987930  5.3597638 -1.9042276 -0.3060083 -0.2033196 -0.1172232  0.0383543 -0.0012596  0.0007727
 3.2843923  5.3178739 -1.8987857 -0.2900218 -0.1947365 -0.0911692  0.0423201  0.0011210  0.0000621
 3.5699917  5.2526558 -1.8841048 -0.2847137 -0.1745117 -0.0728062  0.0406878 -0.0012923 -0.0009287
 3.8555910  5.2232752 -1.8729607 -0.2631591 -0.1662090 -0.0782332  0.0272951 -0.0000515 -0.0007144
 4.1411903  5.1700791 -1.8566237 -0.2559802 -0.1578170 -0.0584968  0.0149321 -0.0003419  0.0004592
 4.4267896  5.1133340 -1.8511412 -0.2551172 -0.1481864 -0.0440082  0.0213915  0.0004315 -0.0039164
 4.7123890  5.0807845 -1.7981448 -0.2429953 -0.1241435 -0.0438211  0.0198169 -0.0005343  0.0009987
 4.9979883  5.0670248 -1.7859189 -0.2324861 -0.1142755 -0.0349547  0.0395089 -0.0022887  0.0011399
 5.2835876  5.0084118 -1.7562833 -0.2134055 -0.1061698 -0.0238736  0.0328425  0.0038686 -0.0016327
 5.5691870  4.9821916 -1.7137490 -0.2111506 -0.0978332 -0.0182284  0.0282785 -0.0010593 -0.0016394
 5.8547863  4.9409268 -1.6902663 -0.1960295 -0.0953560 -0.0155561  0.0227809  0.0021891  0.0029869
 6.1403856  4.9323502 -1.6334211 -0.1965620 -0.0803543 -0.0198159 -0.0012482  0.0009464  0.0030129
 6.4259850  4.8853015 -1.6250555 -0.1693401 -0.0955796 -0.0021193  0.0129260  0.0006031 -0.0010947
 6.7115843  4.8980520 -1.5900045 -0.1865780 -0.0620589 -0.0557421  0.0158277  0.0009424 -0.0003379
 6.9971836  4.8694893 -1.5536525 -0.1740247 -0.0641627 -0.0242155  0.0177659 -0.0029740 -0.0008081
 7.2827830  4.7977241 -1.5169857 -0.1453081 -0.0574779  0.0204512  0.0347406 -0.0000197 -0.0072624
 7.5683823  4.7961163 -1.5363736 -0.1431052 -0.0530868  0.0078992  0.0287710  0.0028191  0.0023111
 7.8539816  4.7677289 -1.4499079 -0.1531651 -0.0556484 -0.0008868 -0.0005985  0.0109520 -0.0009114
 8.1395810  4.7438368 -1.4587688 -0.1491075 -0.0438389 -0.0127324  0.0325303  0.0096120 -0.0000667
 8.4251803  4.7328861 -1.4360015 -0.1323495 -0.0455468 -0.0103021 -0.0009229 -0.0001631 -0.0085523
 8.7107796  4.7205016 -1.3783573 -0.1395335 -0.0342403 -0.0235600 -0.0013757 -0.0006457 -0.0056047
 8.9963790  4.7052915 -1.3581215 -0.1305290 -0.0274767 -0.0085445  0.0083185 -0.0113281  0.0032074
 9.2819783  4.7132627 -1.2990925 -0.1142218 -0.0277724 -0.0032035  0.0426630  0.0030201  0.0050827
 9.5675776  4.6780406 -1.2825674 -0.1114831 -0.0238916 -0.0386014 -0.0061877 -0.0057992  0.0076482
 9.8531770  4.7077452 -1.3077675 -0.1190861 -0.0437628 -0.0010964 -0.0311363 -0.0006721 -0.0039570
 10.1387763  4.6341004 -1.2430366 -0.1292100 -0.0229638 -0.0455849 -0.0054672  0.0086081  0.0033957
 10.4243756  4.6359720 -1.2755847 -0.1194066  0.0054180 -0.0055649  0.0289793 -0.0069758 -0.0057027
 10.7099750  4.6456358 -1.2047121 -0.1082612 -0.0348956  0.0043402 -0.0104098  0.0053886  0.0022718
 10.9955743  4.6448633 -1.2099676 -0.1012653 -0.0262421  0.0098007 -0.0325458 -0.0033955 -0.0183483
 11.2811736  4.6115531 -1.1419208 -0.1404516 -0.0120836 -0.0008248 -0.0087185 -0.0079117 -0.0007092
 11.5667730  4.6247106 -1.1807763 -0.0833845  0.0139455  0.0800270  0.0232344 -0.0081543 -0.0012478
 11.8523723  4.5936149 -1.0782762 -0.1233463 -0.0084920 -0.0149520 -0.0286721 -0.0172669  0.0019134
 12.1379716  4.5595626 -1.1563721 -0.0680725  0.0449505  0.1241907  0.0205179  0.0099324  0.0008963
 12.4235709  4.6676974 -1.0585539 -0.0747231 -0.0299004  0.0206860  0.0459082  0.0066550  0.0009440
 12.7091703  4.5410499 -1.0860695 -0.0821162 -0.0116606 -0.0235440 -0.0740833  0.0059224 -0.0087217
 12.9947696  4.5618431 -1.0241226 -0.1247642 -0.0021940  0.0497558  0.0792377  0.0085875 -0.0093496
 13.2803689  4.5730943 -1.0650408 -0.0876734 -0.0236895  0.0686891  0.0198629  0.0015293 -0.0120571
 13.5659683  4.5561730 -0.8971009 -0.1220083 -0.0075845 -0.0169468 -0.0519215 -0.0037728  0.0062740
 13.8515676  4.5435489 -0.9944122 -0.0725747 -0.0268914 -0.0388908  0.0253217 -0.0113101  0.0032678
 14.1371669  4.6001334 -1.0165179 -0.0612475 -0.0672750 -0.0674997  0.0478550 -0.0026294  0.0005902
 14.4227663  4.4471055 -0.9566617 -0.0962951  0.0006183  0.0830670 -0.0039148 -0.0074639  0.0166765
 14.7083656  4.5611644 -0.9018706 -0.0609741 -0.0013166  0.0414661  0.0046120  0.0184707  0.0054618
 14.9939649  4.5189919 -0.9639878 -0.0595688  0.0128675 -0.0166657  0.0086239 -0.0025833  0.0054071
 15.2795643  4.4766202 -0.8930092 -0.1108768  0.0397261  0.0508863  0.0998855  0.0119221 -0.0108227
 15.5651636  4.5473917 -0.8475276 -0.0407219  0.0210116  0.0446228 -0.0294903 -0.0080832  0.0025462
 15.8507629  4.5563328 -0.8873259 -0.0698975 -0.0583947  0.0324462 -0.0111070 -0.0117482 -0.0014287
 16.1363623  4.5190374 -0.7983116  0.0146365  0.0424861  0.0228762  0.0165285 -0.0016301  0.0214695
 16.4219616  4.3954020 -0.7552240 -0.0664219  0.0152662 -0.0112114 -0.0590189  0.0147753 -0.0030055
 16.7075609  4.5764395 -0.8467803  0.0115490 -0.0190249 -0.1338893 -0.0592168 -0.0069258  0.0169284
 16.9931603  4.4321921 -0.8722299 -0.0798536  0.0116103  0.0358978 -0.0942306 -0.0040121 -0.0009131
 17.2787596  4.4608679 -0.7822673 -0.0156377 -0.0217465  0.0147396  0.0153772  0.0249839  0.0148334
 17.5643589  4.4442039 -0.9181455 -0.0171754 -0.0351545  0.0957418  0.0295431  0.0127131  0.0022477
 17.8499583  4.5373745 -0.7796597 -0.0641996 -0.0368818  0.0117565 -0.0022464  0.0039408  0.0013657
 18.1355576  4.4100150 -0.7307838 -0.0055343  0.0153304 -0.0366197  0.0372628 -0.0095603 -0.0122110
 18.4211569  4.3430199 -0.7452880 -0.0195325  0.0659691  0.0822313 -0.0248614 -0.0174601  0.0027637
 18.7067563  4.5535693 -0.7854611  0.0258634 -0.0164435 -0.0443445 -0.0900843  0.0004385  0.0265517
 18.9923556  4.4030418 -0.7842766 -0.0672683  0.0380335 -0.0175618 -0.1144258  0.0221852  0.0266742
 19.2779549  4.4373878 -0.9173340 -0.0688749 -0.0170562  0.0221753 -0.0184366  0.0272461  0.0127319
 19.5635543  4.5189385 -0.5390458 -0.1134911  0.1123863  0.0232844 -0.0682045  0.0005384 -0.0167725
 19.8491536  4.3399474 -0.7960046 -0.0114263  0.0085796  0.1378798  0.0535610  0.0253711 -0.0126528
 20.1347529  4.5615739 -0.7468613 -0.0205262 -0.0163120 -0.0089844 -0.0371986  0.0201635 -0.0122781
 20.4203522  4.3487490 -0.6134950 -0.1573219 -0.1527256 -0.0384308 -0.1029364 -0.0410048 -0.0366141
 20.7059516  4.4941790 -0.7537003 -0.0127264  0.0487491 -0.1375997  0.0063954 -0.0294235  0.0259506
 20.9915509  4.2630364 -0.8143211 -0.0375184  0.0197105  0.0517643  0.0029243 -0.0102666  0.0144296
 21.2771502  4.4217532 -0.9097922 -0.1123619 -0.0017685  0.0935777  0.2129209  0.0047797  0.0447272
 21.5627496  4.3217572 -0.5997826 -0.1407567 -0.0469855  0.0615958  0.0130710  0.0562418  0.0172095
 21.8483489  4.5270574 -0.6704712 -0.0584326  0.1451798 -0.2719521  0.2286345  0.0000832 -0.0003192
 22.1339482  4.4050231 -0.4611934 -0.1056342  0.0970797  0.0191357 -0.0207268 -0.0266609  0.0472790
 22.4195476  4.2940400 -0.4457010 -0.0871598  0.0147867  0.2266757 -0.0663919 -0.0538495 -0.0022876
 22.7051469  4.5334968 -0.5693735 -0.0185903 -0.0418092 -0.1617148  0.0110369  0.0034003  0.0445988
 22.9907462  4.7065650 -0.6624061  0.0031520  0.1002196  0.0356308  0.1294995  0.0109330  0.0152665
 23.2763456  4.6221559 -0.4061262 -0.0660701  0.0349802  0.0133784  0.0165449  0.0191658 -0.0430778
 23.5619449  4.5104444 -0.7231658  0.0341360 -0.0374022 -0.0086511  0.0199407 -0.0654696  0.0132590
 23.8475442  4.4000372 -0.6975076  0.0160681 -0.0489925 -0.0346438  0.1951686  0.0125287  0.0258147
 24.1331436  4.4596466 -1.0348317  0.0714367  0.0096550 -0.3161185  0.2703357  0.0577046  0.0141791
 24.4187429  4.2055135 -0.6247752  0.0149093  0.0276798 -0.0847900  0.1750326  0.0043996 -0.0471796
 24.7043422  4.1265473 -0.6720567  0.1043124 -0.0219615  0.0245845 -0.0584533  0.0215374 -0.0591031
 24.9899416  4.4349543 -0.6111752 -0.0576933  0.0837684 -0.2589659  0.1327406 -0.0617385 -0.0268472
 25.2755409  4.5737109 -0.7928963  0.0663477  0.0453870 -0.2173054  0.1243768  0.0156742  0.0031555
 25.5611402  4.1167973 -0.8104629 -0.0964453  0.0688620  0.0413461  0.0721476 -0.0443586 -0.0204579
 25.8467396  4.4625091 -0.5772013 -0.1203648  0.1135802  0.0276098  0.1721872  0.0225328  0.0316711
 26.1323389  4.4134746 -0.8461155  0.0125740  0.0713681 -0.0555337  0.0412713  0.0318177 -0.0118823
 26.4179382  4.2159676 -0.3763829 -0.0497093 -0.0814473  0.0598832  0.0951241  0.0435040  0.0115220
 26.7035376  4.5058929 -0.5484750  0.0377947 -0.0033220 -0.1513617  0.0883288  0.0681740 -0.0461548
 26.9891369  4.2268407 -0.4893103 -0.0830301 -0.0022702  0.0188117 -0.0968738 -0.0234354 -0.0347242
 27.2747362  4.4290730 -0.5056620  0.0320137 -0.0727666  0.1069864 -0.0973544  0.0188708 -0.0525182
 27.5603356  4.1971407 -0.3189822 -0.0574939 -0.1304659  0.1571923 -0.2352702  0.0097263  0.0676361
 27.8459349  4.4452575 -0.7987643 -0.0108448 -0.0607648 -0.0589585  0.0777414 -0.0038901  0.0533155
 28.1315342  4.7759289 -0.4491010  0.0292428  0.0515211 -0.2397517  0.1895460  0.0283101  0.0737590
 28.4171335  4.4476850 -0.6177405  0.1015010  0.1252211 -0.2778723  0.1385310  0.0298091  0.0141467
 28.7027329  4.3612916 -0.5531628  0.0392164 -0.0175224 -0.2130512 -0.2339406  0.0300243 -0.0183896
 28.9883322  4.5061810 -0.6467655 -0.0477774 -0.0303845  0.2567141 -0.1457109 -0.0175392  0.0610277
 29.2739315  4.3137535 -0.5211434 -0.1267626 -0.0329862 -0.0679337 -0.1738182  0.0134437 -0.0135281
 29.5595309  4.6486738 -0.6453052 -0.0378485  0.0142374 -0.3628856 -0.0486766 -0.0321089  0.0398457
 29.8451302  4.2687548 -0.6352827 -0.1872101 -0.2075398 -0.0515634 -0.0922723 -0.1199496 -0.0143828
 30.1307295  4.6893720 -0.3507328 -0.0582945  0.0605499 -0.1235404 -0.1581557 -0.0305810  0.0358042
 30.4163289  4.4922658 -0.6564535  0.1415502  0.0395363 -0.1280151  0.0996111 -0.0171670  0.0390664
 30.7019282  4.5523842 -0.6162304 -0.0436911 -0.0057264 -0.1146628  0.0777794  0.0443557  0.0195287
 30.9875275  4.5240147 -0.5698874  0.0859547  0.1329217 -0.0520568 -0.0151696  0.0036904  0.0034287
 31.2731269  4.6464050 -0.3880994  0.2132544 -0.0530904  0.1304010 -0.2016275  0.0349276 -0.0885467
 31.5587262  4.6195080 -0.5124060 -0.0018157  0.0560740 -0.1244019 -0.0605006 -0.0165390 -0.0654420
 31.8443255  4.3839036 -0.7775230 -0.0395416 -0.1060282 -0.0531109 -0.1460437  0.0042590  0.0180984
 32.1299249  4.1457166 -0.3928222 -0.1456551  0.0383208  0.0207192 -0.0709832 -0.0034627  0.0219136
 32.4155242  4.1596131 -0.7061661 -0.2566257 -0.0415171 -0.1841863  0.1947128 -0.0485535 -0.0729941
 32.7011235  4.3226257 -0.2654014 -0.1600114  0.1133072 -0.3013776 -0.0638550 -0.0305283  0.0438484
 32.9867229  4.8500169 -0.1953007 -0.0436784  0.1602897 -0.4521099 -0.2458353 -0.0036448  0.0120500
 33.2723222  3.9585804 -0.5499034  0.0547660 -0.0694964 -0.0672885 -0.3430202  0.0136478  0.0471328
 33.5579215  4.0468168 -0.2953646  0.0839976  0.1216059  0.1259654 -0.0587703  0.1450147 -0.0418319
 33.8435209  4.1701577 -0.1423561 -0.1633643  0.1643648 -0.1805577 -0.4262798 -0.0333735 -0.0899676
 34.1291202  4.1834942 -0.5327830 -0.1953445  0.0881101  0.0686948  0.0199637  0.0306016 -0.0857086
 34.4147195  4.5846115 -0.5162616 -0.1550100  0.1196551 -0.1684864  0.1369721 -0.0361228  0.0129194
 34.7003189  4.4683701 -0.1208572 -0.1405482  0.2790367 -0.1446101  0.1399072  0.0122597  0.0267593
 34.9859182  4.5910500 -0.6245679 -0.2160441  0.1291915 -0.5736358  0.5444945  0.0251664  0.0533718
 35.2715175  4.7223518 -0.0919932  0.0166864  0.0835942 -0.2218527 -0.0472804  0.1308044  0.0134306
 35.5571169  4.2388927  0.1435506  0.1928826  0.2027356  0.2352481 -0.0538804 -0.0518553  0.0496178
 35.8427162  4.5929704 -0.0609610 -0.3457686  0.0744759  0.3951176  0.1298955  0.0224762 -0.0368333
 36.1283155  3.6921161 -0.4132797  0.2786330  0.1522834  0.6850284  0.0281052 -0.0966593 -0.0532834
 36.4139148  4.4737962 -0.3520147  0.0068779  0.1259681 -0.0371095 -0.1346269 -0.0955440 -0.0096010
 36.6995142  4.7237810 -0.5774440  0.0776695  0.1900110 -0.1859719 -0.1932896 -0.1035270 -0.0264701
 36.9851135  4.5868858 -0.6543696  0.0505619 -0.0120181  0.3569992  0.8014841 -0.1779416  0.0117640
 37.2707128  4.9352962 -0.2726865  0.2543964 -0.3153638 -0.3976970 -0.1637352  0.0804958  0.0194678
 37.5563122  4.2757106 -0.9352562 -0.2519336 -0.2088057 -0.3633953  0.0715111 -0.0184159  0.0732744
 37.8419115  4.0709898 -0.1326011  0.0843154  0.1594273 -0.4095034 -0.1956542  0.1180316 -0.0618144
 38.1275108  4.4657711 -0.5846106 -0.3308561 -0.0821137 -0.3651680  0.4292782  0.0796734 -0.1129817
 38.4131102  4.4067713 -0.2467595  0.0591951  0.0937634 -0.1563119 -0.1783166 -0.0026477 -0.0125601
 38.6987095  4.5490317 -0.2640300  0.0921940  0.0732763  0.4569108  0.1209660 -0.0275131 -0.0420550
 38.9843088  4.0069854 -1.1127033  0.0394258 -0.1022018  0.4665313 -0.1938670 -0.0203657  0.0782882
 39.2699082  4.2051271 -0.1392448 -0.2079455  0.1686964  0.0553286  0.3311091  0.0904845 -0.0667366
 39.5555075  3.8233786 -0.4794575  0.0487545  0.0259376  0.1540886 -0.1901178 -0.0572576  0.1915553
 39.8411068  5.0254536 -0.3070235 -0.1285893 -0.1371514 -0.1029633 -0.2408478  0.0465330 -0.0994159
 40.1267062  3.9860817  0.3096143 -0.1238643 -0.0294735  0.2320307  0.1729593  0.0852004  0.1550797
