#w_matsubara  g11_Re     g11_Im     g12_Re     g12_Im     g13_Re     g13_Im     g12_nambu_Re     g12_nambu_Im     
 0.1427997  5.5756044 -0.5402847 -0.3473579 -0.0704955 -0.2167796  0.1657237  0.0007310  0.0001026
 0.4283990  5.6285832 -0.9303123 -0.3321929 -0.1421613 -0.2258739  0.1287972  0.0003169  0.0001316
 0.7139983  5.6570901 -1.2036512 -0.3287410 -0.1882665 -0.2202460  0.0999747  0.0003133  0.0004102
 0.9995977  5.6607576 -1.4106461 -0.3266750 -0.2184876 -0.2079937  0.0822313 -0.0010011  0.0011284
 1.2851970  5.6464920 -1.5642084 -0.3284297 -0.2376191 -0.2003461  0.0661778 -0.0008241 -0.0012053
 1.5707963  5.6148870 -1.6764392 -0.3242279 -0.2465810 -0.1798599  0.0589479 -0.0029617 -0.0001695
 1.8563957  5.5825744 -1.7647103 -0.3185896 -0.2452750 -0.1638368  0.0542438 -0.0004522 -0.0003814
 2.1419950  5.5303971 -1.8353522 -0.3143767 -0.2440303 -0.1470886  0.0522076 -0.0004856 -0.0041314
 2.4275943  5.4735473 -1.8695642 -0.3055745 -0.2313843 -0.1293343  0.0514763  0.0058057 -0.0016234
 2.7131937  5.4356506 -1.8966842 -0.3001561 -0.2259946 -0.1224961  0.0338275  0.0019916 -0.0034647
 2.9987930  5.3682965 -1.8965258 -0.2970974 -0.2126951 -0.1085866  0.0279900  0.0015226  0.0016727
 3.2843923  5.3015236 -1.9017680 -0.2883323 -0.2020676 -0.0869062  0.0419277 -0.0015058 -0.0001369
 3.5699917  5.2623719 -1.8884714 -0.2766118 -0.1927303 -0.0841062  0.0219137  0.0003638  0.0060863
 3.8555910  5.2143111 -1.8771169 -0.2622180 -0.1713979 -0.0730589  0.0335313 -0.0001151  0.0018176
 4.1411903  5.1663622 -1.8843382 -0.2621274 -0.1665634 -0.0593168  0.0212928 -0.0017913  0.0015667
 4.4267896  5.1256854 -1.8432325 -0.2477956 -0.1531672 -0.0425470  0.0340166 -0.0004747  0.0006667
 4.7123890  5.1037862 -1.8032794 -0.2307534 -0.1358156 -0.0673116  0.0273450 -0.0048429 -0.0018980
 4.9979883  5.0408859 -1.8044007 -0.2203617 -0.1350826 -0.0347221  0.0292911 -0.0016619 -0.0129381
 5.2835876  5.0111254 -1.7719722 -0.2213227 -0.1204456 -0.0326400  0.0294459  0.0005515 -0.0025008
 5.5691870  4.9942144 -1.7109080 -0.1984789 -0.1132113 -0.0312959  0.0054825  0.0032317 -0.0017913
 5.8547863  4.9475515 -1.6922519 -0.1994868 -0.0907506 -0.0342154  0.0227234  0.0040178  0.0082833
 6.1403856  4.9190159 -1.6529897 -0.1842210 -0.1089527 -0.0290820 -0.0006647  0.0005564  0.0024687
 6.4259850  4.9117751 -1.6245262 -0.1684076 -0.0883186 -0.0330728 -0.0058437 -0.0002647 -0.0081130
 6.7115843  4.8704760 -1.5799285 -0.1751012 -0.0754720 -0.0215000 -0.0048445  0.0022165 -0.0039292
 6.9971836  4.8427095 -1.5730918 -0.1591520 -0.0699879 -0.0151954  0.0033939  0.0084916  0.0007754
 7.2827830  4.8072130 -1.5512170 -0.1665923 -0.0603002 -0.0034869  0.0147440 -0.0007473  0.0048286
 7.5683823  4.7978747 -1.5013961 -0.1686043 -0.0656607 -0.0231385 -0.0124323  0.0068515  0.0040729
 7.8539816  4.7885948 -1.4653669 -0.1432881 -0.0508779 -0.0499816 -0.0001099 -0.0092123 -0.0026319
 8.1395810  4.7654483 -1.4690170 -0.1522484 -0.0584418 -0.0645570  0.0404604  0.0023876  0.0093978
 8.4251803  4.7440593 -1.4381948 -0.1396116 -0.0644884  0.0101107 -0.0203996 -0.0017287 -0.0113398
 8.7107796  4.7159609 -1.3737738 -0.1371318 -0.0749356 -0.0119550  0.0205168 -0.0074838  0.0068167
 8.9963790  4.7241976 -1.3781030 -0.1341075 -0.0464172 -0.0452195  0.0034395 -0.0075617 -0.0053114
 9.2819783  4.7039293 -1.3411022 -0.1055931 -0.0366982 -0.0146847  0.0333211  0.0054045 -0.0008743
 9.5675776  4.6708553 -1.3112630 -0.1232144 -0.0230165 -0.0025294  0.0080806  0.0025620 -0.0117067
 9.8531770  4.6685492 -1.3099367 -0.1291063 -0.0383725  0.0118888  0.0487690  0.0151341 -0.0133576
 10.1387763  4.6252984 -1.2952586 -0.0989315 -0.0372828  0.0315140  0.0295425  0.0099013 -0.0094233
 10.4243756  4.6781758 -1.2601480 -0.1013481 -0.0308841 -0.0603782  0.0216946  0.0046782 -0.0016695
 10.7099750  4.6629065 -1.2393885 -0.0995482 -0.0558880 -0.0376492  0.0317731 -0.0017356  0.0362049
 10.9955743  4.6674745 -1.1904515 -0.0611776 -0.0170057 -0.0306573 -0.0446529  0.0027077  0.0283146
 11.2811736  4.6656749 -1.1501990 -0.1028400 -0.0312603 -0.0156895  0.0101109  0.0008161  0.0091910
 11.5667730  4.6152879 -1.1639545 -0.0821976 -0.0145585 -0.0570481  0.0435701 -0.0168090 -0.0070777
 11.8523723  4.5306081 -1.1203710 -0.1044513 -0.0152322 -0.0082699 -0.0105281 -0.0018940 -0.0100660
 12.1379716  4.5837074 -1.1216230 -0.0822237 -0.0169422 -0.0553695  0.0093977 -0.0009128 -0.0339388
 12.4235709  4.5988666 -1.1041782 -0.0777141 -0.0288846 -0.0647771  0.0816444 -0.0089876 -0.0213864
 12.7091703  4.6029248 -1.0738130 -0.0625760  0.0321715 -0.0235554  0.0190734  0.0062847  0.0082885
 12.9947696  4.4954632 -1.0801927 -0.0320510 -0.0430963  0.0969945 -0.0279764 -0.0201543  0.0162090
 13.2803689  4.5989588 -1.0443547 -0.0379977 -0.0141602  0.0547204  0.0192573  0.0171695 -0.0016280
 13.5659683  4.5976517 -0.9740986 -0.0528942 -0.0457183  0.0184830 -0.1030734 -0.0147687  0.0047652
 13.8515676  4.5212396 -0.9807387 -0.1050831 -0.0526306 -0.0147861  0.0226417  0.0278710  0.0202097
 14.1371669  4.5459674 -0.9846532 -0.0642337 -0.0273452  0.0167314  0.0009421 -0.0296319  0.0003189
 14.4227663  4.6181650 -0.9159553  0.0071439 -0.0382587 -0.1519584 -0.0022652  0.0004605 -0.0180987
 14.7083656  4.5261549 -0.9958017 -0.0405417 -0.0488541 -0.0089907  0.0152837  0.0065909 -0.0237636
 14.9939649  4.5790627 -1.0462820 -0.0898695 -0.0398214 -0.1055079  0.0285085  0.0048154 -0.0162656
 15.2795643  4.4096432 -0.9687333 -0.0693376  0.0099685  0.0545655 -0.0081701  0.0027864 -0.0240435
 15.5651636  4.5978705 -0.8955688 -0.0731784  0.0185516 -0.1138488 -0.0303222  0.0140620  0.0026249
 15.8507629  4.5052890 -1.0227939 -0.0195378  0.0043915 -0.0210884  0.0467451  0.0350996 -0.0118142
 16.1363623  4.5571951 -0.8446832 -0.0161557  0.0346678  0.0216573 -0.0821294 -0.0008168 -0.0193499
 16.4219616  4.4096721 -0.8983628 -0.0983968 -0.0528481 -0.0017255 -0.0464191  0.0016275 -0.0061883
 16.7075609  4.5334743 -0.9974411 -0.0944429  0.0148705 -0.0837569  0.0185715 -0.0453342  0.0115457
 16.9931603  4.5251788 -0.7515827 -0.0808829  0.0662977  0.0909360 -0.0664675  0.0007692 -0.0303411
 17.2787596  4.4988691 -0.7600182 -0.1119391  0.0688930  0.1372996  0.0935920 -0.0232325 -0.0052596
 17.5643589  4.7617002 -0.8864748  0.0199725 -0.0249222 -0.0538333  0.1538239  0.0505447  0.0177164
 17.8499583  4.4707387 -0.8463909 -0.0194974 -0.0514616  0.0052024 -0.0391786 -0.0069244 -0.0043192
 18.1355576  4.5365640 -0.6320045 -0.0398700  0.0099322 -0.0020995 -0.0512115 -0.0142548 -0.0079772
 18.4211569  4.5369414 -0.6925366 -0.0482708  0.0312888 -0.1276743  0.0909251 -0.0347643 -0.0018673
 18.7067563  4.4280188 -0.8432063 -0.0034650 -0.0179810  0.0386262  0.0684961 -0.0769477  0.0249619
 18.9923556  4.4664891 -0.7762420  0.0118508 -0.0601574  0.0207357 -0.0857477 -0.0143413 -0.0287247
 19.2779549  4.5423343 -0.7994646 -0.0855731 -0.0558800 -0.1136357  0.0436459 -0.0476572  0.0033128
 19.5635543  4.5170446 -0.7419451  0.0060621 -0.0159095 -0.0773758  0.1113545  0.0021725 -0.0168138
 19.8491536  4.4058674 -0.7269796  0.0038042 -0.0627772  0.1269752 -0.0467083 -0.0213862 -0.0116971
 20.1347529  4.5453782 -0.7756712  0.0999589  0.0392070  0.0611314  0.1184662  0.0120601 -0.0311458
 20.4203522  4.3838869 -0.6070482  0.0300829 -0.0074602 -0.0765896 -0.1597145  0.0103867 -0.0094740
 20.7059516  4.2652019 -0.7220141 -0.0837352  0.0096180 -0.0484510 -0.0666154 -0.0004248  0.0297458
 20.9915509  4.4688336 -0.7150940 -0.0542715 -0.0865987 -0.1163744 -0.0498147 -0.0359923  0.0670609
 21.2771502  4.4182725 -0.4493949  0.0093102 -0.0024738 -0.0648435 -0.1867465  0.0423189  0.0755810
 21.5627496  4.4105756 -0.8990230  0.1121168  0.0599836 -0.0870616  0.1226674 -0.0791452  0.0512864
 21.8483489  4.6438609 -0.6714531 -0.0343621  0.0328840 -0.3114157 -0.1739902 -0.0269776 -0.0277853
 22.1339482  4.3476215 -0.5466747 -0.0906242  0.0297924  0.0197355 -0.1995045 -0.0318665 -0.0662506
 22.4195476  4.4052506 -0.7725576 -0.0046748  0.0781124  0.0976648  0.1089674 -0.0525376  0.0017962
 22.7051469  4.6283105 -0.7705399  0.0012181  0.0552102 -0.2215334  0.2203473  0.0365999 -0.0658471
 22.9907462  4.5273284 -0.6129529  0.0772771  0.0678735  0.0785396  0.0222027  0.0087101  0.0390157
 23.2763456  4.4228842 -0.6309420  0.0196139 -0.0755451  0.1428971 -0.0543006  0.0183980  0.0270493
 23.5619449  4.4363657 -0.8053031  0.0479328  0.0123732  0.0141136  0.0496019  0.0416667  0.0022217
 23.8475442  4.6771383 -0.5789546  0.0587283 -0.0432937  0.1604416 -0.0046061  0.0054053  0.0172875
 24.1331436  4.5870949 -0.8273904  0.0224398 -0.1152411 -0.0300198 -0.1566617 -0.0130638 -0.0097288
 24.4187429  4.4059247 -0.8308475 -0.0434721 -0.0271138 -0.0818374 -0.1398096 -0.0390272 -0.0061840
 24.7043422  4.2337983 -0.7227830 -0.1309266  0.0647870  0.0010338 -0.0284320 -0.0073341 -0.0240576
 24.9899416  4.3541914 -0.4867883  0.0421749 -0.0213735  0.0458290 -0.0485596 -0.0589969  0.0138105
 25.2755409  4.4283174 -0.4270615  0.0255465 -0.0700581  0.1323817 -0.0626220 -0.0083786 -0.0637440
 25.5611402  4.4180880 -0.7651753 -0.0370113  0.0103870  0.0877837  0.0747738  0.0407212 -0.0383004
 25.8467396  4.3631777 -0.5322989  0.0402544  0.0445895  0.0541311 -0.1345885 -0.0112834  0.0880031
 26.1323389  4.4710739 -0.4435473  0.1914086  0.2279072 -0.1485658 -0.3571368 -0.0824859  0.0285527
 26.4179382  4.3477063 -0.5449658 -0.0721556  0.0045402  0.0718709 -0.0631095 -0.0661369 -0.0326612
 26.7035376  4.4184996 -0.9811066 -0.0710162 -0.1161374  0.0848155  0.3179276 -0.0826050 -0.0378234
 26.9891369  4.4194234 -0.3498848 -0.1189583  0.0979648  0.0704941  0.0625753  0.0517956 -0.0048033
 27.2747362  4.1418185 -0.4652791 -0.0829751  0.0080319  0.1782101  0.1729627 -0.0742268 -0.0803764
 27.5603356  4.3475768 -0.6238137 -0.0738219 -0.0472587 -0.2205514 -0.3490941 -0.0040117  0.0545171
 27.8459349  4.5681777 -0.7102459 -0.0370224  0.0195185  0.0670181  0.1515551 -0.0528273  0.0041876
 28.1315342  4.3651247 -0.4908820 -0.0624727 -0.0381544 -0.0823226  0.0402767 -0.0528689  0.1140560
 28.4171335  4.4135036 -0.7560169 -0.0855800  0.1107425  0.1396271  0.2864308  0.0332340  0.0624995
 28.7027329  4.6876455 -0.4767627 -0.0840324  0.0564418 -0.0426444  0.0289388  0.0295472  0.0536772
 28.9883322  4.6566127 -0.5240117 -0.1200354 -0.1080692 -0.1672726 -0.2247966  0.0378241  0.0074742
 29.2739315  4.5192175 -0.9360971 -0.1216161 -0.2474969  0.0329356  0.1854646 -0.1483358 -0.1393240
 29.5595309  4.1022534 -0.7272394 -0.0961779  0.0652774  0.1399551  0.2852572 -0.0224825  0.0772895
 29.8451302  4.3064294 -0.7079269 -0.1416430  0.0272874  0.4196447  0.0807224 -0.0576542 -0.0300006
 30.1307295  4.7694803 -0.4395619 -0.0563384 -0.1972405 -0.4153408  0.0080843  0.0207920 -0.0304897
 30.4163289  4.2652107 -0.1835629 -0.1059988 -0.0350241 -0.3479671 -0.1383308  0.1221807 -0.0056309
 30.7019282  4.5355524 -0.5938590  0.0477219 -0.1068138  0.2448014 -0.2366096  0.1062370  0.1286566
 30.9875275  4.7932952 -0.6530471  0.0633501  0.1006280 -0.1844199  0.0905639  0.1102909  0.0858412
 31.2731269  4.9567582 -0.7671404  0.0457870 -0.1531774 -0.3233019 -0.2227995 -0.0958847  0.0332323
 31.5587262  4.0575233 -0.6670723 -0.2114790 -0.1205987  0.2437225  0.2844655 -0.1111451  0.0077955
 31.8443255  4.1549926 -0.6687039 -0.1440246 -0.2490396 -0.0410637 -0.0736413 -0.2777753  0.0021806
 32.1299249  4.4644302 -0.1643633 -0.1688800  0.0081643 -0.2140127  0.0986661 -0.0724656 -0.0787773
 32.4155242  4.3220996 -0.3781795 -0.0985112 -0.0805341 -0.0629874  0.1095811 -0.1432670 -0.0654860
 32.7011235  4.2625233 -1.0456936  0.0229048 -0.0684523  0.3178259  0.3886952  0.2011737  0.0069554
 32.9867229  4.3491660 -0.8280169 -0.1640264 -0.0153768 -0.2143753  0.1682601 -0.0381470 -0.0975029
 33.2723222  4.2307257 -0.5196125 -0.1088133 -0.2382776 -0.0622132  0.1506917  0.2387175  0.0451544
 33.5579215  4.3906338 -0.5272308 -0.3529232  0.1021276 -0.0999010  0.4908344  0.1198318  0.0096117
 33.8435209  4.5196090 -0.5108289 -0.2215533 -0.2225453 -0.3848425  0.0906770  0.0084008  0.0788647
 34.1291202  4.1679262 -0.1796187 -0.0814599 -0.0507186  0.0400984  0.1320282 -0.1491273 -0.0114020
 34.4147195  4.3184824 -0.1579476 -0.0724670 -0.1340485 -0.2471565 -0.0093686 -0.2059613  0.1446318
 34.7003189  4.3889614 -0.3998402 -0.0754819  0.0463890  0.0226929  0.2972982 -0.0646495  0.0889196
 34.9859182  3.8096683 -0.8709858  0.0238185 -0.2725000 -0.0149694  0.1459339 -0.0596106  0.0253306
 35.2715175  4.1955513 -0.2934509 -0.0232167  0.1420804 -0.5774108  0.0039994  0.0023442  0.1219941
 35.5571169  4.5108963 -0.0614610 -0.2522725  0.1426662 -0.2262900 -0.0556961 -0.0158632  0.0927383
 35.8427162  4.1047257 -0.3995218 -0.2906622  0.0122656  0.0326907  0.3186768  0.0608148 -0.1138593
 36.1283155  4.1619929 -0.1116018  0.2059867 -0.1019836  0.3076998 -0.0310123 -0.0235323 -0.0781455
 36.4139148  4.5652408  0.2729112 -0.1138561 -0.0907779 -0.1799727 -0.4796763  0.0226380 -0.0591204
 36.6995142  3.8554432 -0.6029545  0.0448477 -0.0668573 -0.1435900  0.6241042 -0.0237922  0.0182489
 36.9851135  4.5609379 -0.8323181 -0.0576401  0.1261749 -0.6963048  0.3743961 -0.1181506  0.2261950
 37.2707128  4.7748916  0.2445729  0.1097972  0.1400494 -0.3685102 -0.2990778 -0.0256215 -0.0791872
 37.5563122  4.3138083  0.3056098  0.2219798  0.3999020 -0.1277611 -0.2181668  0.0609606  0.1479625
 37.8419115  4.7370568 -0.2920174  0.1405926  0.0578489 -0.5417277  0.7987109  0.2727242 -0.0886587
 38.1275108  4.2962534 -0.6155426  0.0425260  0.1084395 -0.3412136  0.6814517  0.1700910  0.1330332
 38.4131102  4.1504042 -0.2860571  0.5105107  0.0885421  0.7212853  0.0322992  0.1883677  0.0397381
 38.6987095  4.3446725 -0.4067059  0.1682056  0.1485788 -0.7474407 -0.0682027 -0.1156204 -0.0717490
 38.9843088  4.1551663 -0.2537492 -0.1882726  0.0456209 -0.4679369 -0.3007005  0.0038883  0.1380349
 39.2699082  4.1762829 -0.9475231 -0.0872042  0.1284606 -0.0209125  0.4563848 -0.0735210  0.0945011
 39.5555075  5.1213401  0.0222220  0.2703519  0.4016276 -0.3425791  0.2011221  0.0780243  0.0685362
 39.8411068  4.9258452 -0.3770430  0.1167446  0.1385156 -0.5202022 -0.0283317  0.2133829  0.0338034
 40.1267062  4.3547538 -0.7563110  0.2079072  0.7754012  0.4263309  0.5291441  0.2294447 -0.0801711
