#w_matsubara  SzSz   
 0.0000000  0.6781621
 0.1570796  0.6000956
 0.3141593  0.4885024
 0.4712389  0.3884561
 0.6283185  0.3123541
 0.7853982  0.2545419
 0.9424778  0.2116876
 1.0995574  0.1785043
 1.2566371  0.1531714
 1.4137167  0.1331301
 1.5707963  0.1171202
 1.7278760  0.1032391
 1.8849556  0.0922277
 2.0420352  0.0828990
 2.1991149  0.0751734
 2.3561945  0.0681248
 2.5132741  0.0621535
 2.6703538  0.0571670
 2.8274334  0.0528188
 2.9845130  0.0489443
 3.1415927  0.0453059
 3.2986723  0.0422461
 3.4557519  0.0393760
 3.6128316  0.0367674
 3.7699112  0.0345620
 3.9269908  0.0326516
 4.0840704  0.0306645
 4.2411501  0.0289633
 4.3982297  0.0274711
 4.5553093  0.0260002
 4.7123890  0.0246640
 4.8694686  0.0233879
 5.0265482  0.0222092
 5.1836279  0.0213058
 5.3407075  0.0202508
 5.4977871  0.0193593
 5.6548668  0.0185109
 5.8119464  0.0176947
 5.9690260  0.0170402
 6.1261057  0.0163128
 6.2831853  0.0156502
 6.4402649  0.0150923
 6.5973446  0.0144540
 6.7544242  0.0139086
 6.9115038  0.0133792
 7.0685835  0.0129526
 7.2256631  0.0124574
 7.3827427  0.0120367
 7.5398224  0.0115982
 7.6969020  0.0112145
 7.8539816  0.0108138
 8.0110613  0.0105259
 8.1681409  0.0101562
 8.3252205  0.0098736
 8.4823002  0.0095568
 8.6393798  0.0092282
 8.7964594  0.0089812
 8.9535391  0.0087440
 9.1106187  0.0084721
 9.2676983  0.0082064
 9.4247780  0.0079970
 9.5818576  0.0077778
 9.7389372  0.0075364
 9.8960169  0.0073183
 10.0530965  0.0071551
 10.2101761  0.0069328
 10.3672558  0.0067730
 10.5243354  0.0065926
 10.6814150  0.0064366
 10.8384947  0.0062772
 10.9955743  0.0061101
 11.1526539  0.0059685
 11.3097336  0.0058202
 11.4668132  0.0056715
 11.6238928  0.0055577
 11.7809725  0.0054300
 11.9380521  0.0052914
 12.0951317  0.0051601
 12.2522113  0.0050495
 12.4092910  0.0049360
 12.5663706  0.0048415
 12.7234502  0.0047131
 12.8805299  0.0046163
 13.0376095  0.0045264
 13.1946891  0.0044244
 13.3517688  0.0043466
 13.5088484  0.0042499
 13.6659280  0.0041585
 13.8230077  0.0040658
 13.9800873  0.0039879
 14.1371669  0.0039032
 14.2942466  0.0038492
 14.4513262  0.0037609
 14.6084058  0.0036809
 14.7654855  0.0036078
 14.9225651  0.0035466
 15.0796447  0.0034751
 15.2367244  0.0034043
 15.3938040  0.0033478
 15.5508836  0.0032852
 15.7079633  0.0032278
 15.8650429  0.0031606
 16.0221225  0.0031071
 16.1792022  0.0030503
 16.3362818  0.0030047
 16.4933614  0.0029545
 16.6504411  0.0029029
 16.8075207  0.0028387
 16.9646003  0.0027998
 17.1216800  0.0027566
 17.2787596  0.0027075
 17.4358392  0.0026584
 17.5929189  0.0026179
 17.7499985  0.0025766
 17.9070781  0.0025404
 18.0641578  0.0024925
 18.2212374  0.0024529
 18.3783170  0.0024063
 18.5353967  0.0023711
 18.6924763  0.0023306
 18.8495559  0.0022957
 19.0066356  0.0022668
 19.1637152  0.0022186
 19.3207948  0.0021917
 19.4778745  0.0021705
 19.6349541  0.0021322
 19.7920337  0.0021053
 19.9491134  0.0020662
 20.1061930  0.0020391
 20.2632726  0.0020015
 20.4203522  0.0019764
 20.5774319  0.0019516
 20.7345115  0.0019257
 20.8915911  0.0018991
 21.0486708  0.0018738
 21.2057504  0.0018482
 21.3628300  0.0018153
 21.5199097  0.0017988
 21.6769893  0.0017665
 21.8340689  0.0017434
 21.9911486  0.0017207
 22.1482282  0.0016994
 22.3053078  0.0016791
 22.4623875  0.0016456
 22.6194671  0.0016352
 22.7765467  0.0016134
 22.9336264  0.0015880
 23.0907060  0.0015652
 23.2477856  0.0015443
 23.4048653  0.0015248
 23.5619449  0.0015112
 23.7190245  0.0014910
 23.8761042  0.0014709
 24.0331838  0.0014477
 24.1902634  0.0014349
 24.3473431  0.0014188
 24.5044227  0.0013952
 24.6615023  0.0013822
 24.8185820  0.0013684
 24.9756616  0.0013554
 25.1327412  0.0013390
 25.2898209  0.0013139
 25.4469005  0.0013039
 25.6039801  0.0012838
 25.7610598  0.0012686
 25.9181394  0.0012526
 26.0752190  0.0012379
 26.2322987  0.0012290
 26.3893783  0.0012121
 26.5464579  0.0011992
 26.7035376  0.0011867
 26.8606172  0.0011715
 27.0176968  0.0011608
 27.1747765  0.0011484
 27.3318561  0.0011341
 27.4889357  0.0011263
 27.6460154  0.0011134
 27.8030950  0.0010904
 27.9601746  0.0010852
 28.1172542  0.0010750
 28.2743339  0.0010645
 28.4314135  0.0010487
 28.5884931  0.0010389
 28.7455728  0.0010266
 28.9026524  0.0010147
 29.0597320  0.0010066
 29.2168117  0.0009950
 29.3738913  0.0009883
 29.5309709  0.0009763
 29.6880506  0.0009667
 29.8451302  0.0009563
 30.0022098  0.0009450
 30.1592895  0.0009379
 30.3163691  0.0009304
 30.4734487  0.0009179
 30.6305284  0.0009137
 30.7876080  0.0009031
 30.9446876  0.0008919
 31.1017673  0.0008831
 31.2588469  0.0008762
 31.4159265  0.0008711
 31.5730062  0.0008571
 31.7300858  0.0008502
 31.8871654  0.0008443
 32.0442451  0.0008322
 32.2013247  0.0008256
 32.3584043  0.0008149
 32.5154840  0.0008118
 32.6725636  0.0008043
 32.8296432  0.0007957
 32.9867229  0.0007897
 33.1438025  0.0007800
 33.3008821  0.0007747
 33.4579618  0.0007683
 33.6150414  0.0007611
 33.7721210  0.0007543
 33.9292007  0.0007451
 34.0862803  0.0007398
 34.2433599  0.0007308
 34.4004396  0.0007247
 34.5575192  0.0007211
 34.7145988  0.0007128
 34.8716785  0.0007090
 35.0287581  0.0007037
 35.1858377  0.0006947
 35.3429174  0.0006872
 35.4999970  0.0006844
 35.6570766  0.0006746
 35.8141563  0.0006730
 35.9712359  0.0006696
 36.1283155  0.0006612
 36.2853951  0.0006540
 36.4424748  0.0006491
 36.5995544  0.0006451
 36.7566340  0.0006390
 36.9137137  0.0006362
 37.0707933  0.0006275
 37.2278729  0.0006214
 37.3849526  0.0006165
 37.5420322  0.0006131
 37.6991118  0.0006089
 37.8561915  0.0006025
 38.0132711  0.0005991
 38.1703507  0.0005935
 38.3274304  0.0005888
 38.4845100  0.0005830
 38.6415896  0.0005799
 38.7986693  0.0005757
 38.9557489  0.0005701
 39.1128285  0.0005666
 39.2699082  0.0005603
 39.4269878  0.0005574
 39.5840674  0.0005530
 39.7411471  0.0005466
 39.8982267  0.0005422
