#w_matsubara  SzSz   
 0.0000000  0.6795187
 0.1570796  0.5891569
 0.3141593  0.4842823
 0.4712389  0.3850305
 0.6283185  0.3099031
 0.7853982  0.2528209
 0.9424778  0.2098172
 1.0995574  0.1786931
 1.2566371  0.1532403
 1.4137167  0.1329819
 1.5707963  0.1163010
 1.7278760  0.1031862
 1.8849556  0.0919084
 2.0420352  0.0825380
 2.1991149  0.0750792
 2.3561945  0.0679551
 2.5132741  0.0621868
 2.6703538  0.0571942
 2.8274334  0.0528142
 2.9845130  0.0485100
 3.1415927  0.0452680
 3.2986723  0.0421389
 3.4557519  0.0393921
 3.6128316  0.0367605
 3.7699112  0.0345015
 3.9269908  0.0324787
 4.0840704  0.0306452
 4.2411501  0.0288714
 4.3982297  0.0272860
 4.5553093  0.0259528
 4.7123890  0.0246382
 4.8694686  0.0234124
 5.0265482  0.0222995
 5.1836279  0.0212400
 5.3407075  0.0202125
 5.4977871  0.0192658
 5.6548668  0.0184494
 5.8119464  0.0177621
 5.9690260  0.0169843
 6.1261057  0.0162961
 6.2831853  0.0156480
 6.4402649  0.0150611
 6.5973446  0.0144507
 6.7544242  0.0139270
 6.9115038  0.0134054
 7.0685835  0.0129487
 7.2256631  0.0124251
 7.3827427  0.0120041
 7.5398224  0.0116373
 7.6969020  0.0112076
 7.8539816  0.0108348
 8.0110613  0.0105118
 8.1681409  0.0101659
 8.3252205  0.0098671
 8.4823002  0.0095124
 8.6393798  0.0092316
 8.7964594  0.0089876
 8.9535391  0.0087107
 9.1106187  0.0084389
 9.2676983  0.0081999
 9.4247780  0.0079785
 9.5818576  0.0077337
 9.7389372  0.0075279
 9.8960169  0.0073411
 10.0530965  0.0071364
 10.2101761  0.0069238
 10.3672558  0.0067558
 10.5243354  0.0065943
 10.6814150  0.0063935
 10.8384947  0.0062604
 10.9955743  0.0060834
 11.1526539  0.0059597
 11.3097336  0.0057984
 11.4668132  0.0056407
 11.6238928  0.0055390
 11.7809725  0.0054150
 11.9380521  0.0052947
 12.0951317  0.0051740
 12.2522113  0.0050618
 12.4092910  0.0049185
 12.5663706  0.0048367
 12.7234502  0.0047238
 12.8805299  0.0046094
 13.0376095  0.0045201
 13.1946891  0.0044226
 13.3517688  0.0043278
 13.5088484  0.0042430
 13.6659280  0.0041418
 13.8230077  0.0040578
 13.9800873  0.0039826
 14.1371669  0.0038962
 14.2942466  0.0038237
 14.4513262  0.0037600
 14.6084058  0.0036687
 14.7654855  0.0036103
 14.9225651  0.0035307
 15.0796447  0.0034572
 15.2367244  0.0033997
 15.3938040  0.0033409
 15.5508836  0.0032719
 15.7079633  0.0032210
 15.8650429  0.0031565
 16.0221225  0.0031159
 16.1792022  0.0030544
 16.3362818  0.0029963
 16.4933614  0.0029524
 16.6504411  0.0028919
 16.8075207  0.0028331
 16.9646003  0.0028008
 17.1216800  0.0027416
 17.2787596  0.0027105
 17.4358392  0.0026560
 17.5929189  0.0026185
 17.7499985  0.0025673
 17.9070781  0.0025383
 18.0641578  0.0024934
 18.2212374  0.0024553
 18.3783170  0.0024168
 18.5353967  0.0023665
 18.6924763  0.0023333
 18.8495559  0.0022983
 19.0066356  0.0022648
 19.1637152  0.0022294
 19.3207948  0.0021944
 19.4778745  0.0021685
 19.6349541  0.0021312
 19.7920337  0.0020984
 19.9491134  0.0020721
 20.1061930  0.0020372
 20.2632726  0.0020095
 20.4203522  0.0019862
 20.5774319  0.0019451
 20.7345115  0.0019236
 20.8915911  0.0018918
 21.0486708  0.0018657
 21.2057504  0.0018426
 21.3628300  0.0018176
 21.5199097  0.0017856
 21.6769893  0.0017704
 21.8340689  0.0017458
 21.9911486  0.0017133
 22.1482282  0.0016941
 22.3053078  0.0016718
 22.4623875  0.0016535
 22.6194671  0.0016334
 22.7765467  0.0016123
 22.9336264  0.0015839
 23.0907060  0.0015687
 23.2477856  0.0015397
 23.4048653  0.0015291
 23.5619449  0.0015051
 23.7190245  0.0014889
 23.8761042  0.0014702
 24.0331838  0.0014494
 24.1902634  0.0014327
 24.3473431  0.0014175
 24.5044227  0.0013995
 24.6615023  0.0013820
 24.8185820  0.0013649
 24.9756616  0.0013470
 25.1327412  0.0013374
 25.2898209  0.0013224
 25.4469005  0.0013084
 25.6039801  0.0012848
 25.7610598  0.0012690
 25.9181394  0.0012561
 26.0752190  0.0012433
 26.2322987  0.0012248
 26.3893783  0.0012166
 26.5464579  0.0012072
 26.7035376  0.0011846
 26.8606172  0.0011722
 27.0176968  0.0011640
 27.1747765  0.0011460
 27.3318561  0.0011322
 27.4889357  0.0011200
 27.6460154  0.0011064
 27.8030950  0.0010981
 27.9601746  0.0010883
 28.1172542  0.0010730
 28.2743339  0.0010608
 28.4314135  0.0010526
 28.5884931  0.0010400
 28.7455728  0.0010272
 28.9026524  0.0010224
 29.0597320  0.0010093
 29.2168117  0.0009997
 29.3738913  0.0009891
 29.5309709  0.0009813
 29.6880506  0.0009667
 29.8451302  0.0009576
 30.0022098  0.0009468
 30.1592895  0.0009378
 30.3163691  0.0009310
 30.4734487  0.0009181
 30.6305284  0.0009092
 30.7876080  0.0009057
 30.9446876  0.0008901
 31.1017673  0.0008825
 31.2588469  0.0008737
 31.4159265  0.0008660
 31.5730062  0.0008615
 31.7300858  0.0008482
 31.8871654  0.0008412
 32.0442451  0.0008329
 32.2013247  0.0008280
 32.3584043  0.0008194
 32.5154840  0.0008131
 32.6725636  0.0008055
 32.8296432  0.0007994
 32.9867229  0.0007881
 33.1438025  0.0007814
 33.3008821  0.0007732
 33.4579618  0.0007697
 33.6150414  0.0007600
 33.7721210  0.0007499
 33.9292007  0.0007467
 34.0862803  0.0007409
 34.2433599  0.0007346
 34.4004396  0.0007263
 34.5575192  0.0007196
 34.7145988  0.0007123
 34.8716785  0.0007084
 35.0287581  0.0007019
 35.1858377  0.0006943
 35.3429174  0.0006886
 35.4999970  0.0006827
 35.6570766  0.0006771
 35.8141563  0.0006682
 35.9712359  0.0006639
 36.1283155  0.0006593
 36.2853951  0.0006525
 36.4424748  0.0006518
 36.5995544  0.0006424
 36.7566340  0.0006407
 36.9137137  0.0006348
 37.0707933  0.0006293
 37.2278729  0.0006220
 37.3849526  0.0006194
 37.5420322  0.0006099
 37.6991118  0.0006076
 37.8561915  0.0006038
 38.0132711  0.0005978
 38.1703507  0.0005933
 38.3274304  0.0005872
 38.4845100  0.0005817
 38.6415896  0.0005779
 38.7986693  0.0005764
 38.9557489  0.0005683
 39.1128285  0.0005666
 39.2699082  0.0005589
 39.4269878  0.0005582
 39.5840674  0.0005538
 39.7411471  0.0005477
 39.8982267  0.0005427
