#w_matsubara  g11_Re     g11_Im     g12_Re     g12_Im     g13_Re     g13_Im     g12_nambu_Re     g12_nambu_Im     
 0.0785398 -0.0180058 -0.2349840  0.1874529  0.0233837 -0.0430061  0.1197884 -0.2822214  0.0003592
 0.2356194 -0.0168554 -0.3406596  0.1554470  0.0237535 -0.0198399  0.1600020 -0.1172956 -0.0000420
 0.3926991 -0.0183918 -0.3271172  0.1348518  0.0183743 -0.0135982  0.1331280 -0.0525165 -0.0000484
 0.5497787 -0.0191367 -0.3054766  0.1193988  0.0153748 -0.0110746  0.1083249 -0.0270618  0.0000056
 0.7068583 -0.0184166 -0.2867750  0.1069453  0.0134947 -0.0099582  0.0892582 -0.0154031  0.0004555
 0.8639380 -0.0174882 -0.2705975  0.0966048  0.0123252 -0.0096323  0.0746846 -0.0098600 -0.0001178
 1.0210176 -0.0158790 -0.2564952  0.0879746  0.0118730 -0.0094506  0.0638629 -0.0065730  0.0001056
 1.1780972 -0.0135840 -0.2445584  0.0807083  0.0114847 -0.0096611  0.0550881 -0.0041713 -0.0000080
 1.3351769 -0.0113450 -0.2344636  0.0744169  0.0110278 -0.0096700  0.0481204 -0.0033375  0.0001107
 1.4922565 -0.0094815 -0.2253524  0.0689437  0.0108980 -0.0097820  0.0427991 -0.0024827 -0.0000900
 1.6493361 -0.0074734 -0.2174325  0.0641073  0.0106505 -0.0094861  0.0380213 -0.0016810 -0.0000232
 1.8064158 -0.0055709 -0.2100194  0.0597201  0.0102199 -0.0093577  0.0334981 -0.0013171 -0.0000251
 1.9634954 -0.0037814 -0.2032126  0.0559935  0.0100857 -0.0091882  0.0302709 -0.0012295  0.0000071
 2.1205750 -0.0021171 -0.1972834  0.0526314  0.0099645 -0.0089643  0.0276068 -0.0009827 -0.0000819
 2.2776547 -0.0002659 -0.1914702  0.0495819  0.0097658 -0.0087837  0.0247998 -0.0006997  0.0000874
 2.4347343  0.0009732 -0.1859825  0.0468249  0.0094874 -0.0084448  0.0222611 -0.0006118  0.0000244
 2.5918139  0.0020439 -0.1812693  0.0441955  0.0092303 -0.0079479  0.0205486 -0.0005690  0.0002121
 2.7488936  0.0028517 -0.1770073  0.0416878  0.0088617 -0.0074024  0.0186238 -0.0003912  0.0000153
 2.9059732  0.0042264 -0.1729067  0.0398352  0.0084827 -0.0071057  0.0171832 -0.0002210  0.0002523
 3.0630528  0.0048225 -0.1686593  0.0378481  0.0082588 -0.0065935  0.0158655 -0.0001576  0.0001079
 3.2201325  0.0055965 -0.1650637  0.0361561  0.0080232 -0.0063682  0.0145412 -0.0002240 -0.0000740
 3.3772121  0.0064922 -0.1613687  0.0341702  0.0075986 -0.0065370  0.0132401 -0.0001234 -0.0001793
 3.5342917  0.0071327 -0.1583589  0.0327355  0.0073047 -0.0061837  0.0124243  0.0002603 -0.0002466
 3.6913714  0.0077232 -0.1550999  0.0311933  0.0071816 -0.0060472  0.0114109  0.0001085 -0.0001575
 3.8484510  0.0083793 -0.1518091  0.0296402  0.0071104 -0.0057866  0.0104977 -0.0004061  0.0002377
 4.0055306  0.0087825 -0.1490429  0.0286048  0.0067819 -0.0051658  0.0103583 -0.0002218 -0.0001751
 4.1626103  0.0093228 -0.1461283  0.0275459  0.0062185 -0.0048042  0.0094220 -0.0001086  0.0000126
 4.3196899  0.0092389 -0.1436306  0.0262631  0.0057934 -0.0047224  0.0088985 -0.0003214  0.0001209
 4.4767695  0.0093296 -0.1407821  0.0252134  0.0056886 -0.0045652  0.0083865 -0.0004226 -0.0000121
 4.6338492  0.0099228 -0.1388192  0.0242423  0.0052766 -0.0049259  0.0078654 -0.0005253  0.0003393
 4.7909288  0.0100106 -0.1361788  0.0233936  0.0052609 -0.0042670  0.0069850 -0.0000199 -0.0002384
 4.9480084  0.0102040 -0.1337391  0.0223564  0.0050452 -0.0040100  0.0067028  0.0000507  0.0003770
 5.1050881  0.0101983 -0.1314144  0.0215832  0.0048818 -0.0035648  0.0062750 -0.0000516  0.0002277
 5.2621677  0.0101246 -0.1291965  0.0207606  0.0045316 -0.0035238  0.0059354 -0.0001896  0.0000281
 5.4192473  0.0099756 -0.1269824  0.0198608  0.0042508 -0.0031324  0.0055943 -0.0000994 -0.0000623
 5.5763270  0.0102147 -0.1251456  0.0193277  0.0043177 -0.0033797  0.0053973  0.0000989 -0.0001163
 5.7334066  0.0104648 -0.1229065  0.0186140  0.0043037 -0.0033790  0.0048470  0.0000478  0.0002684
 5.8904862  0.0102345 -0.1208288  0.0178182  0.0040789 -0.0030261  0.0045642 -0.0002356  0.0001338
 6.0475659  0.0097399 -0.1195200  0.0171600  0.0038083 -0.0025679  0.0043161 -0.0000643  0.0002564
 6.2046455  0.0098504 -0.1173651  0.0163932  0.0036765 -0.0025359  0.0040542  0.0001210  0.0000750
 6.3617251  0.0099712 -0.1153552  0.0161502  0.0034752 -0.0023935  0.0036220  0.0001826 -0.0002122
 6.5188048  0.0099150 -0.1136845  0.0155318  0.0033634 -0.0026117  0.0039328 -0.0001950 -0.0002394
 6.6758844  0.0100306 -0.1123258  0.0151372  0.0032934 -0.0020559  0.0035402 -0.0001193  0.0002420
 6.8329640  0.0095888 -0.1108022  0.0144489  0.0030995 -0.0020364  0.0035005  0.0002671  0.0001163
 6.9900437  0.0096638 -0.1090782  0.0139265  0.0030544 -0.0019943  0.0035159 -0.0000762 -0.0002204
 7.1471233  0.0098712 -0.1076754  0.0136440  0.0028344 -0.0022080  0.0029849 -0.0000319  0.0000657
 7.3042029  0.0096387 -0.1062095  0.0131152  0.0025678 -0.0019355  0.0027979 -0.0000871  0.0000954
 7.4612826  0.0091986 -0.1046039  0.0125597  0.0025386 -0.0017061  0.0024282 -0.0001621 -0.0002493
 7.6183622  0.0090330 -0.1032107  0.0122002  0.0024482 -0.0016605  0.0025619 -0.0000209 -0.0000987
 7.7754418  0.0091618 -0.1018943  0.0118804  0.0022868 -0.0014540  0.0025821 -0.0002229  0.0000042
 7.9325215  0.0092686 -0.1004143  0.0115564  0.0021761 -0.0017113  0.0021146 -0.0000778  0.0000473
 8.0896011  0.0092059 -0.0990476  0.0113193  0.0018757 -0.0015040  0.0021707 -0.0000626  0.0003206
 8.2466807  0.0088536 -0.0980462  0.0108576  0.0017978 -0.0017869  0.0021090 -0.0001197 -0.0001813
 8.4037603  0.0083967 -0.0968681  0.0105084  0.0020127 -0.0016785  0.0021854 -0.0000176 -0.0003056
 8.5608400  0.0085576 -0.0950720  0.0102403  0.0019280 -0.0015169  0.0017372 -0.0004025  0.0001415
 8.7179196  0.0080558 -0.0937993  0.0099918  0.0018552 -0.0012373  0.0018662 -0.0001397  0.0001976
 8.8749992  0.0080800 -0.0926298  0.0098283  0.0017031 -0.0011722  0.0018512  0.0001628 -0.0000233
 9.0320789  0.0083446 -0.0915312  0.0095001  0.0017048 -0.0010556  0.0014679 -0.0000174  0.0001617
 9.1891585  0.0084487 -0.0904471  0.0093019  0.0015024 -0.0011847  0.0017587 -0.0001302  0.0002305
 9.3462381  0.0078367 -0.0890056  0.0088813  0.0012432 -0.0009888  0.0013925  0.0000242  0.0000655
 9.5033178  0.0076916 -0.0883456  0.0088382  0.0014874 -0.0012865  0.0014980 -0.0001460  0.0001917
 9.6603974  0.0076675 -0.0872400  0.0086835  0.0014953 -0.0014087  0.0014067 -0.0002657 -0.0000923
 9.8174770  0.0081995 -0.0861661  0.0083980  0.0016105 -0.0013260  0.0013263  0.0000625 -0.0002801
 9.9745567  0.0075515 -0.0852137  0.0081853  0.0013193 -0.0010294  0.0012822  0.0000755  0.0000274
 10.1316363  0.0074948 -0.0842093  0.0080624  0.0010537 -0.0007171  0.0011241 -0.0002456  0.0000079
 10.2887159  0.0074094 -0.0830965  0.0076153  0.0010359 -0.0012731  0.0005809 -0.0000125 -0.0000151
 10.4457956  0.0071232 -0.0823343  0.0075651  0.0009452 -0.0014468  0.0011116  0.0001133  0.0001197
 10.6028752  0.0066585 -0.0813242  0.0072053  0.0011331 -0.0011169  0.0010988  0.0001254 -0.0000455
 10.7599548  0.0064969 -0.0802222  0.0070889  0.0011896 -0.0010003  0.0009614 -0.0000871  0.0003629
 10.9170345  0.0064824 -0.0795944  0.0070276  0.0009614 -0.0007655  0.0011489  0.0000832  0.0001513
 11.0741141  0.0065557 -0.0787487  0.0067739  0.0009166 -0.0008648  0.0007775  0.0001829 -0.0000033
 11.2311937  0.0066514 -0.0777653  0.0066902  0.0007416 -0.0008776  0.0007582 -0.0001488  0.0001554
 11.3882734  0.0061391 -0.0770055  0.0064172  0.0009713 -0.0005681  0.0011052 -0.0002442  0.0004506
 11.5453530  0.0061690 -0.0761584  0.0064943  0.0010129 -0.0005207  0.0009196 -0.0001369  0.0003916
 11.7024326  0.0060652 -0.0752932  0.0061575  0.0008538 -0.0005899  0.0009684 -0.0000832  0.0002102
 11.8595123  0.0058935 -0.0745851  0.0061215  0.0007883 -0.0008290  0.0011532 -0.0001818  0.0001998
 12.0165919  0.0059413 -0.0738001  0.0060691  0.0007484 -0.0008754  0.0011089  0.0000740  0.0000045
 12.1736715  0.0058224 -0.0731576  0.0058146  0.0007591 -0.0005883  0.0005797 -0.0000895 -0.0000658
 12.3307512  0.0058580 -0.0727604  0.0057930  0.0005948 -0.0006973  0.0005576 -0.0003598  0.0003143
 12.4878308  0.0057967 -0.0718554  0.0056165  0.0003813 -0.0007021  0.0004323 -0.0000711  0.0000638
 12.6449104  0.0057476 -0.0711558  0.0053885  0.0004525 -0.0007093  0.0003983 -0.0000987 -0.0002255
 12.8019901  0.0054577 -0.0704762  0.0053594  0.0004189 -0.0007007  0.0007896 -0.0001987  0.0000377
 12.9590697  0.0055019 -0.0691884  0.0051504  0.0005331 -0.0006097  0.0002385  0.0000993 -0.0000029
 13.1161493  0.0047621 -0.0683203  0.0051682  0.0005346 -0.0006266  0.0001088  0.0000979 -0.0000302
 13.2732290  0.0046668 -0.0678990  0.0048610  0.0006442 -0.0006403  0.0004631 -0.0000476  0.0001767
 13.4303086  0.0049903 -0.0677239  0.0049537  0.0006959 -0.0006702  0.0008089 -0.0001271  0.0002100
 13.5873882  0.0048321 -0.0669781  0.0047601  0.0007582 -0.0006132  0.0009690 -0.0002401  0.0001616
 13.7444679  0.0048718 -0.0661265  0.0046598  0.0006571 -0.0003316  0.0005238 -0.0000817 -0.0001172
 13.9015475  0.0045898 -0.0656512  0.0046558  0.0003582 -0.0000706  0.0004525  0.0000217 -0.0001115
 14.0586271  0.0046746 -0.0649661  0.0044472  0.0003966 -0.0003497  0.0007357 -0.0002704 -0.0003064
 14.2157068  0.0045403 -0.0643088  0.0044110  0.0006139 -0.0002074  0.0006237 -0.0003482 -0.0001448
 14.3727864  0.0044362 -0.0641449  0.0043295  0.0004809  0.0000821  0.0006489 -0.0003813 -0.0001959
 14.5298660  0.0048905 -0.0634014  0.0040734  0.0004190 -0.0005066  0.0005988 -0.0002143  0.0000326
 14.6869457  0.0047452 -0.0627423  0.0040491  0.0002114 -0.0005461  0.0004399 -0.0003554  0.0000161
 14.8440253  0.0044742 -0.0621123  0.0039154  0.0002378 -0.0004239  0.0005024 -0.0004142  0.0002324
 15.0011049  0.0043793 -0.0615320  0.0039893  0.0002725 -0.0006812  0.0006524 -0.0000915  0.0003283
 15.1581846  0.0044738 -0.0610031  0.0040643  0.0002041 -0.0008905  0.0003760 -0.0001459  0.0000224
 15.3152642  0.0042180 -0.0603037  0.0038969  0.0002712 -0.0004903  0.0001692 -0.0000393 -0.0001466
 15.4723438  0.0039632 -0.0599011  0.0037804  0.0002012 -0.0004240  0.0001502 -0.0002975 -0.0000256
 15.6294235  0.0042390 -0.0594073  0.0039886  0.0001958 -0.0004022  0.0003993 -0.0000765 -0.0000115
 15.7865031  0.0042929 -0.0590075  0.0037070  0.0002566 -0.0005511  0.0004111  0.0002746 -0.0001214
 15.9435827  0.0038984 -0.0584135  0.0035792  0.0002195 -0.0006066  0.0003493  0.0000067 -0.0003183
 16.1006623  0.0037092 -0.0579628  0.0035357  0.0003779 -0.0001965  0.0003074  0.0000654 -0.0000911
 16.2577420  0.0036624 -0.0576171  0.0035904  0.0001583 -0.0001650  0.0002001  0.0000971  0.0000110
 16.4148216  0.0035630 -0.0570711  0.0035301  0.0001987 -0.0003570  0.0005851 -0.0000409  0.0000333
 16.5719012  0.0031779 -0.0566365  0.0034588  0.0002102 -0.0003290  0.0005670  0.0003948 -0.0000996
 16.7289809  0.0032382 -0.0560642  0.0034637  0.0002773 -0.0000784  0.0003906  0.0000517  0.0000719
 16.8860605  0.0031180 -0.0556050  0.0031279  0.0001395 -0.0000871  0.0003317  0.0000090  0.0003713
 17.0431401  0.0029918 -0.0550422  0.0030578  0.0002817 -0.0001359  0.0004275 -0.0001005  0.0001261
 17.2002198  0.0031411 -0.0546429  0.0029403  0.0002005 -0.0004129  0.0003421  0.0000673  0.0000409
 17.3572994  0.0029481 -0.0541136  0.0030499  0.0001734 -0.0000882 -0.0000310  0.0000438 -0.0000481
 17.5143790  0.0028567 -0.0537120  0.0028949  0.0001266 -0.0006731  0.0000715  0.0000766  0.0000189
 17.6714587  0.0035686 -0.0531739  0.0029897  0.0000941 -0.0012519 -0.0001124  0.0001566 -0.0000956
 17.8285383  0.0032066 -0.0527020  0.0029393  0.0002233 -0.0007195 -0.0000871 -0.0000917  0.0000563
 17.9856179  0.0032605 -0.0524255  0.0030135  0.0001640 -0.0003034 -0.0003363  0.0001474 -0.0002816
 18.1426976  0.0030936 -0.0523634  0.0028966  0.0001836 -0.0003059 -0.0002290  0.0002758 -0.0000247
 18.2997772  0.0032199 -0.0519267  0.0026916  0.0003902 -0.0005593  0.0001421  0.0002541 -0.0002222
 18.4568568  0.0030176 -0.0514371  0.0027616  0.0004707 -0.0000065  0.0001934 -0.0000208  0.0000497
 18.6139365  0.0031615 -0.0511090  0.0025053  0.0004014 -0.0002101  0.0002900  0.0000934 -0.0001128
 18.7710161  0.0030379 -0.0504346  0.0024936  0.0002166 -0.0002769  0.0000668  0.0000582 -0.0001331
 18.9280957  0.0029103 -0.0502638  0.0024776 -0.0000376 -0.0003589 -0.0002543 -0.0000341 -0.0001511
 19.0851754  0.0025336 -0.0500498  0.0024220 -0.0000567 -0.0000930 -0.0000409 -0.0002214 -0.0003656
 19.2422550  0.0030742 -0.0499273  0.0023864 -0.0000762 -0.0004011  0.0004211  0.0000865 -0.0003299
 19.3993346  0.0029758 -0.0493329  0.0022292 -0.0001214 -0.0006034  0.0002078 -0.0001882 -0.0000407
 19.5564143  0.0027289 -0.0489666  0.0022974  0.0000441 -0.0007539  0.0000409  0.0000135  0.0001493
 19.7134939  0.0030058 -0.0485980  0.0022206 -0.0000408 -0.0006040  0.0002169 -0.0000689  0.0001313
 19.8705735  0.0025778 -0.0480832  0.0020257  0.0000602 -0.0007488  0.0001709 -0.0002274  0.0001017
 20.0276532  0.0024655 -0.0477005  0.0021100  0.0001194 -0.0005750  0.0003255  0.0000520  0.0000485
 20.1847328  0.0024932 -0.0474034  0.0021165  0.0003045 -0.0005178  0.0003883  0.0000246  0.0002136
 20.3418124  0.0024503 -0.0470889  0.0020541  0.0003293 -0.0006186  0.0004361  0.0000170  0.0003499
 20.4988921  0.0024712 -0.0467413  0.0021151  0.0001975 -0.0002622  0.0005509  0.0001284 -0.0000842
 20.6559717  0.0025739 -0.0464362  0.0023416  0.0002767 -0.0002413  0.0004067  0.0002339  0.0002726
 20.8130513  0.0029669 -0.0459932  0.0023306  0.0002640 -0.0003638  0.0004298  0.0003099 -0.0000987
 20.9701310  0.0025125 -0.0456924  0.0021175  0.0002108  0.0001057  0.0000223  0.0000783 -0.0002992
 21.1272106  0.0026397 -0.0452236  0.0021169  0.0002494  0.0000632 -0.0000181  0.0002620 -0.0002787
 21.2842902  0.0025513 -0.0449780  0.0018615  0.0000768 -0.0004339  0.0002635  0.0000428 -0.0001695
 21.4413699  0.0022233 -0.0447913  0.0018784  0.0002354 -0.0001908  0.0001018 -0.0000505  0.0000897
 21.5984495  0.0022474 -0.0446425  0.0017584 -0.0001466 -0.0000515 -0.0001223 -0.0004220  0.0000103
 21.7555291  0.0023071 -0.0445140  0.0019688 -0.0000279  0.0001707  0.0004798 -0.0001946 -0.0001005
 21.9126088  0.0019685 -0.0442318  0.0018568 -0.0000155 -0.0001216  0.0007631  0.0001457 -0.0001033
 22.0696884  0.0017583 -0.0436522  0.0017242  0.0000128 -0.0000795  0.0003920 -0.0000248 -0.0001291
 22.2267680  0.0020216 -0.0435985  0.0016767 -0.0001799 -0.0002632  0.0002945  0.0000857 -0.0000597
 22.3838477  0.0023038 -0.0432819  0.0016165 -0.0000675 -0.0004453  0.0001301 -0.0003388  0.0001053
 22.5409273  0.0025124 -0.0431079  0.0017392 -0.0000567 -0.0006166  0.0003791 -0.0003864 -0.0000300
 22.6980069  0.0022370 -0.0428089  0.0016910 -0.0000617 -0.0004761 -0.0000009 -0.0001391 -0.0000598
 22.8550866  0.0020002 -0.0421632  0.0015799  0.0001964 -0.0002314 -0.0000108  0.0000941  0.0001616
 23.0121662  0.0024553 -0.0422470  0.0014508  0.0000290 -0.0008570  0.0002119 -0.0001181  0.0002207
 23.1692458  0.0020016 -0.0418553  0.0014402 -0.0000446 -0.0001940  0.0002412 -0.0000711  0.0001272
 23.3263255  0.0021363 -0.0413339  0.0015956 -0.0001400 -0.0004539 -0.0001965 -0.0000494 -0.0003771
 23.4834051  0.0022907 -0.0410088  0.0014962 -0.0001807 -0.0005962 -0.0001722 -0.0003108 -0.0002180
 23.6404847  0.0019368 -0.0407514  0.0014174 -0.0000762 -0.0003318  0.0001695 -0.0001688  0.0000604
 23.7975644  0.0015871 -0.0400419  0.0015616 -0.0000312 -0.0000634 -0.0000734  0.0000595  0.0000286
 23.9546440  0.0014870 -0.0405084  0.0015266  0.0000306 -0.0003191  0.0002729  0.0000802  0.0000336
 24.1117236  0.0016881 -0.0400862  0.0012411  0.0000729 -0.0007468  0.0000529  0.0001372 -0.0001267
 24.2688032  0.0017631 -0.0396295  0.0012344  0.0000575 -0.0004325  0.0002998 -0.0000482  0.0002697
 24.4258829  0.0017522 -0.0393755  0.0015173  0.0001193 -0.0003864  0.0003831 -0.0000815 -0.0001724
 24.5829625  0.0015101 -0.0393285  0.0015656 -0.0001121 -0.0000012  0.0004032  0.0002211  0.0000838
 24.7400421  0.0017163 -0.0389678  0.0014457  0.0000278 -0.0003835 -0.0001722  0.0000034  0.0000199
 24.8971218  0.0015651 -0.0386515  0.0016319  0.0001210 -0.0005306 -0.0000006  0.0001349 -0.0000209
 25.0542014  0.0018898 -0.0387871  0.0014822  0.0001419 -0.0004207 -0.0000481 -0.0000189 -0.0001046
 25.2112810  0.0016308 -0.0384220  0.0013539  0.0001750 -0.0003308  0.0000516 -0.0000816  0.0002083
 25.3683607  0.0012398 -0.0378898  0.0013947  0.0000790  0.0001661 -0.0000072  0.0002410 -0.0000093
 25.5254403  0.0013509 -0.0378354  0.0012585  0.0002334 -0.0003794  0.0005888 -0.0001563 -0.0002380
 25.6825199  0.0013065 -0.0373684  0.0014276  0.0000491 -0.0003840  0.0001375  0.0000755 -0.0003331
 25.8395996  0.0017028 -0.0374031  0.0014327  0.0000308 -0.0005183  0.0000564  0.0000828 -0.0002132
 25.9966792  0.0014618 -0.0371500  0.0014693  0.0003299 -0.0003512  0.0000768 -0.0000043  0.0001182
 26.1537588  0.0014240 -0.0373005  0.0012511  0.0001672 -0.0003471  0.0004843  0.0001119  0.0002601
 26.3108385  0.0017023 -0.0371314  0.0012415  0.0001805 -0.0005322  0.0003753  0.0001806  0.0001185
 26.4679181  0.0014921 -0.0366084  0.0015248  0.0001561 -0.0000752  0.0004225 -0.0001339 -0.0001752
 26.6249977  0.0018159 -0.0365470  0.0014667  0.0002224 -0.0000782  0.0004824  0.0000349  0.0001876
 26.7820774  0.0015987 -0.0366388  0.0014321  0.0000470 -0.0001590  0.0003573  0.0000709  0.0003115
 26.9391570  0.0015705 -0.0361718  0.0015147  0.0000377 -0.0004066  0.0001554  0.0000282  0.0000495
 27.0962366  0.0014398 -0.0363406  0.0013499  0.0003655 -0.0001719  0.0004788  0.0000663  0.0000520
 27.2533163  0.0015376 -0.0356424  0.0014305  0.0002582 -0.0001432  0.0001129 -0.0002202 -0.0001117
 27.4103959  0.0013734 -0.0354749  0.0012676  0.0002124 -0.0000668  0.0002046  0.0002664 -0.0000343
 27.5674755  0.0011800 -0.0354875  0.0014992  0.0002277 -0.0001999  0.0001209  0.0000365  0.0000733
 27.7245552  0.0015036 -0.0351534  0.0013994  0.0000824 -0.0000534 -0.0000644  0.0001049  0.0001386
 27.8816348  0.0013515 -0.0348579  0.0013043  0.0001267  0.0001914 -0.0004895 -0.0000997 -0.0000687
 28.0387144  0.0015350 -0.0349150  0.0011478  0.0000456 -0.0002723  0.0000938 -0.0003265 -0.0000917
 28.1957941  0.0016988 -0.0348617  0.0010343  0.0000108 -0.0001370  0.0001768 -0.0002851 -0.0001317
 28.3528737  0.0012488 -0.0344997  0.0009349  0.0002514 -0.0002316  0.0003185  0.0001438 -0.0001707
 28.5099533  0.0013615 -0.0339431  0.0009503  0.0001458 -0.0001086  0.0000472 -0.0000431 -0.0002359
 28.6670330  0.0014130 -0.0338735  0.0009881  0.0003966 -0.0001902 -0.0001173 -0.0001075 -0.0001507
 28.8241126  0.0012024 -0.0341362  0.0008554  0.0002471 -0.0001373  0.0001175 -0.0001317 -0.0002992
 28.9811922  0.0012981 -0.0336306  0.0007202  0.0002498  0.0001233  0.0003328  0.0000386  0.0001243
 29.1382719  0.0009628 -0.0334582  0.0008217  0.0002260 -0.0002234  0.0004494  0.0000504 -0.0000445
 29.2953515  0.0015737 -0.0331094  0.0007382  0.0000985 -0.0004510  0.0002578  0.0000485 -0.0001006
 29.4524311  0.0015564 -0.0330647  0.0008006  0.0002959 -0.0001082  0.0003234 -0.0000163  0.0000859
 29.6095108  0.0017250 -0.0328406  0.0011239  0.0000869  0.0000018  0.0005043 -0.0000487 -0.0000818
 29.7665904  0.0019463 -0.0327631  0.0012418  0.0000262 -0.0000207  0.0003528  0.0002881 -0.0000671
 29.9236700  0.0014066 -0.0326130  0.0012332 -0.0000953  0.0000457 -0.0001919  0.0002014 -0.0000717
 30.0807497  0.0012778 -0.0324098  0.0009352  0.0000704  0.0000424 -0.0000566  0.0000398 -0.0001170
 30.2378293  0.0011644 -0.0323820  0.0009497  0.0001459  0.0001239 -0.0001973  0.0000796  0.0001270
 30.3949089  0.0014027 -0.0319188  0.0012332  0.0001449 -0.0002064 -0.0000483 -0.0000048 -0.0000215
 30.5519886  0.0012222 -0.0319804  0.0010108  0.0001578 -0.0000231  0.0002507  0.0001259 -0.0001815
 30.7090682  0.0010803 -0.0316981  0.0010633  0.0000099 -0.0002755 -0.0000508  0.0001102 -0.0000823
 30.8661478  0.0010631 -0.0314170  0.0010261 -0.0000192 -0.0003126 -0.0000343 -0.0000563 -0.0001688
 31.0232275  0.0015101 -0.0317349  0.0010898  0.0000108 -0.0003443 -0.0000121 -0.0002169 -0.0001242
 31.1803071  0.0010831 -0.0317922  0.0009938  0.0001010 -0.0001014  0.0004967 -0.0000906 -0.0002117
 31.3373867  0.0010740 -0.0312206  0.0008612  0.0002519  0.0002848  0.0001564 -0.0000433 -0.0001019
 31.4944664  0.0011550 -0.0312024  0.0007539  0.0001472 -0.0000146  0.0001878 -0.0000262 -0.0003131
 31.6515460  0.0008727 -0.0309098  0.0007072 -0.0000074  0.0000125  0.0001844 -0.0000343 -0.0002044
 31.8086256  0.0009118 -0.0307321  0.0009272  0.0000174  0.0001706 -0.0000089 -0.0000534  0.0001565
 31.9657053  0.0011520 -0.0306047  0.0010512  0.0000465 -0.0000802  0.0001210 -0.0003995  0.0002332
 32.1227849  0.0010609 -0.0305670  0.0009617  0.0001149  0.0000779  0.0000118 -0.0000291  0.0000850
 32.2798645  0.0010329 -0.0305840  0.0009349  0.0000572 -0.0000313  0.0000406 -0.0000005 -0.0001544
 32.4369441  0.0013112 -0.0304599  0.0011268  0.0001657 -0.0002229  0.0003024  0.0002752 -0.0000285
 32.5940238  0.0015487 -0.0303623  0.0011201  0.0000751 -0.0001863  0.0000793  0.0002931  0.0001194
 32.7511034  0.0009712 -0.0302846  0.0009865 -0.0001081  0.0001389  0.0000818  0.0001648 -0.0000367
 32.9081830  0.0009050 -0.0300551  0.0007631  0.0000603 -0.0003152 -0.0000348 -0.0000398 -0.0001650
 33.0652627  0.0010599 -0.0296847  0.0008937  0.0002005 -0.0003845 -0.0001706 -0.0000387  0.0000306
 33.2223423  0.0009295 -0.0296365  0.0008753 -0.0000471 -0.0001549 -0.0001704 -0.0000001 -0.0000780
 33.3794219  0.0007988 -0.0298163  0.0007420  0.0000939  0.0001886  0.0000029  0.0000556 -0.0000675
 33.5365016  0.0010794 -0.0291764  0.0008831 -0.0000057 -0.0001500  0.0000115  0.0000037 -0.0001053
 33.6935812  0.0011969 -0.0291107  0.0009560  0.0001288  0.0000281 -0.0000980  0.0000921 -0.0002659
 33.8506608  0.0008925 -0.0292389  0.0008896  0.0001370 -0.0000671  0.0000203  0.0000335  0.0000197
 34.0077405  0.0009419 -0.0290441  0.0006385  0.0000336 -0.0005300 -0.0000127  0.0001270  0.0001665
 34.1648201  0.0007641 -0.0285032  0.0005426  0.0001005 -0.0000664 -0.0003321  0.0000071  0.0000476
 34.3218997  0.0010644 -0.0282105  0.0008560  0.0002534 -0.0001372 -0.0002753 -0.0000638  0.0000717
 34.4789794  0.0009525 -0.0282570  0.0010210  0.0002070  0.0001376 -0.0000797  0.0000706  0.0002814
 34.6360590  0.0008445 -0.0281830  0.0006526  0.0001617 -0.0002418  0.0000181 -0.0000822  0.0004582
 34.7931386  0.0010640 -0.0282710  0.0006848  0.0002558 -0.0002110  0.0007271 -0.0001167 -0.0000180
 34.9502183  0.0006972 -0.0279886  0.0006883  0.0000307  0.0000445  0.0003020 -0.0000043  0.0000512
 35.1072979  0.0008657 -0.0276274  0.0007915  0.0000891 -0.0002454  0.0000788 -0.0000164  0.0000117
 35.2643775  0.0007876 -0.0276416  0.0007366  0.0000974 -0.0000334  0.0000538  0.0000671 -0.0000980
 35.4214572  0.0009195 -0.0279006  0.0008846  0.0000576 -0.0000764  0.0001752 -0.0002817  0.0000643
 35.5785368  0.0010412 -0.0274951  0.0006791  0.0000014 -0.0003435 -0.0001013  0.0000282  0.0001105
 35.7356164  0.0006984 -0.0274044  0.0003512  0.0003254 -0.0002615  0.0003114 -0.0003032 -0.0001679
 35.8926961  0.0005849 -0.0275322  0.0006083  0.0004423 -0.0003522  0.0006627 -0.0002583  0.0002413
 36.0497757  0.0006436 -0.0271579  0.0006647  0.0003240 -0.0001692  0.0004222  0.0001411  0.0000110
 36.2068553  0.0007054 -0.0268220  0.0008194  0.0003423  0.0004192 -0.0001264 -0.0002492 -0.0000136
 36.3639350  0.0008421 -0.0270254  0.0008967  0.0001748  0.0000476  0.0002447 -0.0002266 -0.0001003
 36.5210146  0.0010594 -0.0268222  0.0009403  0.0002139  0.0001637  0.0002633 -0.0002257  0.0000313
 36.6780942  0.0008530 -0.0265744  0.0007657  0.0002811 -0.0003375  0.0001938  0.0000437  0.0000351
 36.8351739  0.0011968 -0.0264309  0.0008964  0.0002331 -0.0003948  0.0000457 -0.0000595  0.0000810
 36.9922535  0.0008760 -0.0265938  0.0007058  0.0001162 -0.0000483 -0.0000259 -0.0002039 -0.0000438
 37.1493331  0.0009730 -0.0263252  0.0008442  0.0000660 -0.0001938  0.0000222 -0.0001540  0.0000897
 37.3064128  0.0007046 -0.0262010  0.0006337  0.0003001 -0.0000675  0.0000693 -0.0000713  0.0000069
 37.4634924  0.0007892 -0.0262749  0.0005957  0.0001341 -0.0001555 -0.0002131  0.0000001 -0.0001405
 37.6205720  0.0010817 -0.0263285  0.0007356  0.0001779 -0.0002131  0.0002759  0.0003361 -0.0000685
 37.7776517  0.0009450 -0.0262267  0.0006026  0.0002127 -0.0000735  0.0003193 -0.0000034 -0.0002623
 37.9347313  0.0011451 -0.0256369  0.0004696  0.0003111 -0.0003146  0.0003422 -0.0001322 -0.0000499
 38.0918109  0.0011332 -0.0259563  0.0004080  0.0002130 -0.0001476  0.0005772 -0.0000798 -0.0001755
 38.2488906  0.0010062 -0.0254743  0.0005913  0.0001833 -0.0001001 -0.0001069  0.0000516 -0.0001020
 38.4059702  0.0009575 -0.0254488  0.0006310  0.0000818 -0.0003565 -0.0001112  0.0000854  0.0001972
 38.5630498  0.0010005 -0.0252033  0.0005631  0.0002837 -0.0003583 -0.0002488  0.0001239 -0.0000096
 38.7201295  0.0005510 -0.0251272  0.0004652  0.0001072 -0.0001040 -0.0002339 -0.0000839  0.0002771
 38.8772091  0.0006651 -0.0250545  0.0005967  0.0000970  0.0001364 -0.0001174 -0.0002193 -0.0002601
 39.0342887  0.0007183 -0.0251369  0.0007397  0.0001335  0.0003052  0.0001274 -0.0000419  0.0000777
 39.1913684  0.0004136 -0.0250540  0.0007523  0.0001020  0.0001753  0.0000498  0.0004073  0.0001255
 39.3484480  0.0007296 -0.0249569  0.0008765  0.0000485  0.0000671 -0.0000043  0.0001259  0.0002878
 39.5055276  0.0005177 -0.0251159  0.0007869  0.0000123  0.0003591  0.0001543  0.0000542  0.0002332
 39.6626073  0.0008926 -0.0252979  0.0006598  0.0000182  0.0000817  0.0004486  0.0000967 -0.0000665
 39.8196869  0.0009209 -0.0250749  0.0005909 -0.0001556 -0.0003275  0.0003862  0.0000262 -0.0000432
 39.9767665  0.0008206 -0.0249564  0.0007329 -0.0000860 -0.0001663  0.0004932 -0.0000378 -0.0002140
