#w_matsubara  g11_Re     g11_Im     g12_Re     g12_Im     g13_Re     g13_Im     g12_nambu_Re     g12_nambu_Im     
 0.0785398 -0.0182701 -0.2357941  0.1873295  0.0233982 -0.0425739  0.1192799 -0.2812716 -0.0002926
 0.2356194 -0.0165940 -0.3413037  0.1551511  0.0233279 -0.0199103  0.1594777 -0.1170223  0.0000937
 0.3926991 -0.0182782 -0.3278817  0.1346851  0.0182939 -0.0137692  0.1332958 -0.0522030  0.0003768
 0.5497787 -0.0189237 -0.3055581  0.1190521  0.0152108 -0.0114583  0.1080442 -0.0268604  0.0003066
 0.7068583 -0.0181491 -0.2863768  0.1065867  0.0136384 -0.0109059  0.0892596 -0.0153542  0.0000014
 0.8639380 -0.0169330 -0.2705113  0.0964031  0.0123172 -0.0101027  0.0752590 -0.0094576  0.0002142
 1.0210176 -0.0152611 -0.2566035  0.0880249  0.0118127 -0.0098917  0.0641355 -0.0060936  0.0001064
 1.1780972 -0.0132696 -0.2446751  0.0805493  0.0113393 -0.0101187  0.0548831 -0.0043324 -0.0002230
 1.3351769 -0.0113553 -0.2344684  0.0741333  0.0108614 -0.0098354  0.0480106 -0.0032041  0.0000366
 1.4922565 -0.0096532 -0.2254094  0.0686951  0.0106620 -0.0095540  0.0422148 -0.0023698  0.0000819
 1.6493361 -0.0079021 -0.2173310  0.0636747  0.0104846 -0.0094533  0.0373432 -0.0018499 -0.0001045
 1.8064158 -0.0055447 -0.2098606  0.0594436  0.0103517 -0.0095889  0.0335809 -0.0015261 -0.0000988
 1.9634954 -0.0037678 -0.2032999  0.0555537  0.0102557 -0.0092987  0.0302250 -0.0012694 -0.0001970
 2.1205750 -0.0023424 -0.1968229  0.0520825  0.0098565 -0.0088015  0.0272651 -0.0005980 -0.0003656
 2.2776547 -0.0003546 -0.1909939  0.0491750  0.0095091 -0.0092163  0.0246587 -0.0009324  0.0001188
 2.4347343  0.0008043 -0.1863054  0.0466518  0.0092838 -0.0084788  0.0225129 -0.0007002 -0.0000894
 2.5918139  0.0018815 -0.1813318  0.0441300  0.0090546 -0.0081707  0.0207187 -0.0003685  0.0000399
 2.7488936  0.0028663 -0.1769076  0.0419051  0.0089231 -0.0080096  0.0188852 -0.0003715 -0.0000736
 2.9059732  0.0043259 -0.1727072  0.0396412  0.0085390 -0.0077866  0.0174759 -0.0001390  0.0000562
 3.0630528  0.0051540 -0.1686959  0.0377645  0.0082875 -0.0072385  0.0159287 -0.0001997 -0.0003949
 3.2201325  0.0056163 -0.1651090  0.0360510  0.0079807 -0.0068525  0.0143299  0.0001027  0.0000263
 3.3772121  0.0064472 -0.1614465  0.0343139  0.0076900 -0.0066118  0.0133097 -0.0000208 -0.0001333
 3.5342917  0.0068938 -0.1580467  0.0327206  0.0074173 -0.0059046  0.0123473  0.0000241  0.0003152
 3.6913714  0.0072421 -0.1549555  0.0310903  0.0070609 -0.0054738  0.0115077 -0.0002751 -0.0002773
 3.8484510  0.0077873 -0.1515456  0.0297253  0.0066798 -0.0055189  0.0104034 -0.0000054 -0.0000687
 4.0055306  0.0083118 -0.1487418  0.0284094  0.0064793 -0.0053318  0.0099552 -0.0000665 -0.0000211
 4.1626103  0.0085737 -0.1459308  0.0272956  0.0062878 -0.0051500  0.0091661 -0.0000042  0.0001714
 4.3196899  0.0087580 -0.1437036  0.0262392  0.0059766 -0.0048699  0.0085118  0.0003538  0.0000274
 4.4767695  0.0092196 -0.1407123  0.0249324  0.0057744 -0.0047654  0.0078617  0.0002725 -0.0001094
 4.6338492  0.0094515 -0.1380038  0.0239441  0.0056555 -0.0044516  0.0074055  0.0002197 -0.0001721
 4.7909288  0.0093837 -0.1360899  0.0230943  0.0054934 -0.0041912  0.0070276  0.0000013 -0.0002585
 4.9480084  0.0096787 -0.1337333  0.0221542  0.0052790 -0.0040134  0.0066221 -0.0004834 -0.0002540
 5.1050881  0.0101749 -0.1317752  0.0212688  0.0048943 -0.0037533  0.0061828 -0.0002606  0.0000075
 5.2621677  0.0100847 -0.1292860  0.0204564  0.0046067 -0.0033401  0.0058165 -0.0001960  0.0003858
 5.4192473  0.0099740 -0.1269279  0.0196689  0.0043594 -0.0036592  0.0057891 -0.0003497 -0.0001619
 5.5763270  0.0099077 -0.1247549  0.0190849  0.0043444 -0.0033552  0.0049153  0.0001032  0.0000445
 5.7334066  0.0100745 -0.1229763  0.0182597  0.0042984 -0.0032545  0.0051318 -0.0000079 -0.0000436
 5.8904862  0.0098899 -0.1212256  0.0176268  0.0041818 -0.0033164  0.0046677  0.0000808  0.0000637
 6.0475659  0.0099979 -0.1192962  0.0169563  0.0038374 -0.0032105  0.0042795 -0.0000754  0.0002026
 6.2046455  0.0100056 -0.1172201  0.0164010  0.0038987 -0.0031162  0.0040970 -0.0001320 -0.0000021
 6.3617251  0.0102836 -0.1154771  0.0157290  0.0035811 -0.0026048  0.0037795 -0.0002070 -0.0000236
 6.5188048  0.0101457 -0.1136423  0.0153220  0.0032497 -0.0023537  0.0035933 -0.0000342 -0.0000420
 6.6758844  0.0098616 -0.1121976  0.0146726  0.0032285 -0.0024064  0.0034503  0.0001863  0.0003017
 6.8329640  0.0096127 -0.1102707  0.0141056  0.0031711 -0.0021050  0.0035152  0.0000204  0.0002849
 6.9900437  0.0097817 -0.1086997  0.0139862  0.0030397 -0.0020465  0.0033932 -0.0002314  0.0002581
 7.1471233  0.0093885 -0.1071971  0.0135676  0.0029508 -0.0020526  0.0030077 -0.0005597  0.0001128
 7.3042029  0.0095457 -0.1059614  0.0132129  0.0027237 -0.0021006  0.0029795 -0.0005945 -0.0001638
 7.4612826  0.0094465 -0.1046811  0.0128945  0.0024977 -0.0019154  0.0026350 -0.0001933 -0.0001938
 7.6183622  0.0092508 -0.1032245  0.0123680  0.0024866 -0.0017592  0.0027225 -0.0000492 -0.0003562
 7.7754418  0.0091352 -0.1017756  0.0119455  0.0025260 -0.0020567  0.0024842 -0.0002004 -0.0001115
 7.9325215  0.0091329 -0.1006450  0.0114214  0.0022899 -0.0019310  0.0023339  0.0002691 -0.0000340
 8.0896011  0.0087021 -0.0988460  0.0109912  0.0020609 -0.0014857  0.0021755  0.0000613  0.0001651
 8.2466807  0.0085662 -0.0976188  0.0106179  0.0021721 -0.0016542  0.0024904  0.0000651  0.0000756
 8.4037603  0.0082264 -0.0959493  0.0104505  0.0019983 -0.0014286  0.0021815  0.0000018 -0.0001367
 8.5608400  0.0080863 -0.0948615  0.0103497  0.0018922 -0.0011323  0.0024734 -0.0000514  0.0001651
 8.7179196  0.0079310 -0.0936477  0.0100051  0.0020207 -0.0014988  0.0021608 -0.0001556  0.0000235
 8.8749992  0.0077670 -0.0925508  0.0096017  0.0019985 -0.0013041  0.0019648  0.0000712  0.0001027
 9.0320789  0.0077463 -0.0914473  0.0093834  0.0018753 -0.0011643  0.0016851  0.0000988 -0.0000627
 9.1891585  0.0081955 -0.0906379  0.0091117  0.0017153 -0.0013271  0.0019042  0.0000018  0.0000284
 9.3462381  0.0075946 -0.0890129  0.0089679  0.0016543 -0.0012684  0.0017630 -0.0002643 -0.0000975
 9.5033178  0.0073546 -0.0882183  0.0088875  0.0015718 -0.0010645  0.0016702 -0.0000841  0.0000040
 9.6603974  0.0072266 -0.0869360  0.0083344  0.0014715 -0.0012848  0.0016176 -0.0003915 -0.0001944
 9.8174770  0.0070319 -0.0862418  0.0082357  0.0014172 -0.0011011  0.0017019 -0.0001100 -0.0000832
 9.9745567  0.0068704 -0.0850444  0.0079371  0.0014473 -0.0014387  0.0010745  0.0000471 -0.0000033
 10.1316363  0.0070040 -0.0838292  0.0076653  0.0014958 -0.0010342  0.0012760  0.0000854  0.0000079
 10.2887159  0.0069358 -0.0830840  0.0075153  0.0012407 -0.0006636  0.0012041 -0.0002453  0.0001714
 10.4457956  0.0072115 -0.0820565  0.0074659  0.0011876 -0.0012386  0.0013898 -0.0002603  0.0000191
 10.6028752  0.0066918 -0.0811317  0.0071562  0.0011477 -0.0010174  0.0012248 -0.0004375 -0.0001449
 10.7599548  0.0068065 -0.0801624  0.0069635  0.0011703 -0.0011264  0.0011536 -0.0001086 -0.0005778
 10.9170345  0.0063316 -0.0792603  0.0066895  0.0010398 -0.0012044  0.0010614  0.0004484 -0.0003539
 11.0741141  0.0061519 -0.0783436  0.0065605  0.0011012 -0.0010824  0.0011304  0.0002159  0.0000146
 11.2311937  0.0061832 -0.0776628  0.0066009  0.0012377 -0.0009162  0.0010325 -0.0000392  0.0002296
 11.3882734  0.0056211 -0.0772179  0.0063443  0.0011088 -0.0007575  0.0008910 -0.0001132  0.0000216
 11.5453530  0.0056994 -0.0762094  0.0062571  0.0010407 -0.0008620  0.0008251  0.0000174  0.0001546
 11.7024326  0.0054818 -0.0754718  0.0062842  0.0009472 -0.0009195  0.0010370  0.0002058  0.0001914
 11.8595123  0.0057327 -0.0742103  0.0060159  0.0010011 -0.0010515  0.0008987 -0.0000279  0.0002254
 12.0165919  0.0057419 -0.0738428  0.0059646  0.0009953 -0.0006984  0.0013325  0.0000742  0.0000456
 12.1736715  0.0061692 -0.0726259  0.0057959  0.0010637 -0.0006280  0.0012808 -0.0001336 -0.0001861
 12.3307512  0.0056021 -0.0721825  0.0057913  0.0008247 -0.0006048  0.0010640 -0.0001906  0.0000594
 12.4878308  0.0057076 -0.0714073  0.0056066  0.0007313 -0.0010305  0.0008783  0.0001298 -0.0001916
 12.6449104  0.0052321 -0.0706950  0.0053642  0.0007980 -0.0009939  0.0009344 -0.0000689  0.0004131
 12.8019901  0.0053707 -0.0696413  0.0054234  0.0008650 -0.0006861  0.0006851  0.0001619 -0.0000591
 12.9590697  0.0055139 -0.0693445  0.0054400  0.0006449 -0.0009506  0.0004855 -0.0003180 -0.0000574
 13.1161493  0.0052184 -0.0686141  0.0053224  0.0008108 -0.0008033  0.0004138  0.0000332  0.0002148
 13.2732290  0.0046211 -0.0678839  0.0048695  0.0009120 -0.0003476  0.0005389  0.0002393  0.0001550
 13.4303086  0.0049387 -0.0669913  0.0046823  0.0007744 -0.0007084  0.0003431  0.0002436 -0.0002079
 13.5873882  0.0052399 -0.0669658  0.0046636  0.0007158 -0.0009233  0.0007945  0.0004938  0.0001533
 13.7444679  0.0045549 -0.0661015  0.0045808  0.0008442 -0.0005343  0.0008470 -0.0000914 -0.0001061
 13.9015475  0.0047345 -0.0653035  0.0044562  0.0008532 -0.0006220  0.0002938  0.0001591 -0.0001096
 14.0586271  0.0048102 -0.0648604  0.0044899  0.0007708 -0.0005904  0.0004987 -0.0000006 -0.0003056
 14.2157068  0.0045107 -0.0642960  0.0042946  0.0008290 -0.0003171  0.0006240  0.0000268 -0.0000316
 14.3727864  0.0048377 -0.0637999  0.0042260  0.0006160 -0.0006503  0.0004792 -0.0001367  0.0003180
 14.5298660  0.0053275 -0.0632907  0.0042932  0.0007906 -0.0010347  0.0004764 -0.0001503 -0.0000973
 14.6869457  0.0052796 -0.0624300  0.0041456  0.0006796 -0.0008524  0.0003322  0.0001930 -0.0001420
 14.8440253  0.0046824 -0.0620936  0.0040383  0.0005977 -0.0004244  0.0006903 -0.0000387  0.0000723
 15.0011049  0.0041552 -0.0617457  0.0038336  0.0005247 -0.0001833  0.0005354  0.0001646  0.0000092
 15.1581846  0.0041738 -0.0608156  0.0037125  0.0004548 -0.0002568  0.0006901 -0.0002797 -0.0001444
 15.3152642  0.0045014 -0.0601118  0.0039040  0.0005291 -0.0001821  0.0010207  0.0001408  0.0002723
 15.4723438  0.0039260 -0.0601214  0.0037078  0.0004445  0.0000468  0.0011507  0.0000376 -0.0000505
 15.6294235  0.0039761 -0.0593273  0.0036782  0.0003321 -0.0001572  0.0008140  0.0000173  0.0001656
 15.7865031  0.0036963 -0.0586661  0.0036916  0.0003230 -0.0002954  0.0005962 -0.0000804 -0.0002249
 15.9435827  0.0038473 -0.0582704  0.0037184  0.0004224 -0.0003903  0.0006074 -0.0000107  0.0000768
 16.1006623  0.0035674 -0.0574656  0.0036022  0.0002105 -0.0005152  0.0001964 -0.0000733 -0.0001129
 16.2577420  0.0034243 -0.0574619  0.0033696  0.0003229 -0.0005333  0.0006215 -0.0001414 -0.0000392
 16.4148216  0.0035254 -0.0569628  0.0032708  0.0003803  0.0000279  0.0003500 -0.0002926  0.0001715
 16.5719012  0.0039511 -0.0564163  0.0034444  0.0004736 -0.0002550  0.0003971 -0.0002014 -0.0000142
 16.7289809  0.0037347 -0.0559385  0.0031364  0.0006737 -0.0005536  0.0006549 -0.0001471 -0.0001924
 16.8860605  0.0036596 -0.0552992  0.0030052  0.0005129 -0.0004377  0.0007185 -0.0000962 -0.0001051
 17.0431401  0.0037458 -0.0545923  0.0029988  0.0003814 -0.0003132  0.0006404 -0.0002710  0.0002087
 17.2002198  0.0034694 -0.0547105  0.0031290  0.0003152 -0.0001476  0.0007973 -0.0002288 -0.0001357
 17.3572994  0.0033866 -0.0538364  0.0030706  0.0003707 -0.0002220  0.0006338  0.0001111 -0.0000313
 17.5143790  0.0035144 -0.0536592  0.0030384  0.0004903 -0.0004797  0.0006551  0.0001119 -0.0001995
 17.6714587  0.0035567 -0.0532531  0.0030061  0.0004143 -0.0006304  0.0003309  0.0001605 -0.0001506
 17.8285383  0.0035714 -0.0529703  0.0029386  0.0002843 -0.0004125  0.0006163  0.0002692 -0.0002387
 17.9856179  0.0034267 -0.0523887  0.0027443  0.0001879 -0.0002970  0.0004002  0.0001023 -0.0000690
 18.1426976  0.0030831 -0.0518096  0.0028244  0.0003050 -0.0001800  0.0005043 -0.0001448 -0.0002058
 18.2997772  0.0028517 -0.0514713  0.0027223  0.0000440 -0.0001108  0.0004332 -0.0003082 -0.0001517
 18.4568568  0.0030357 -0.0512195  0.0026047 -0.0000674 -0.0004140  0.0002249  0.0000724 -0.0000494
 18.6139365  0.0032522 -0.0506304  0.0026814  0.0000981 -0.0006732  0.0000847  0.0001861 -0.0000880
 18.7710161  0.0032293 -0.0502381  0.0027280  0.0002561 -0.0002472  0.0002598  0.0001475  0.0001323
 18.9280957  0.0027294 -0.0496280  0.0027205  0.0002776  0.0002842  0.0002802  0.0002639 -0.0000034
 19.0851754  0.0027761 -0.0491802  0.0025530  0.0003491 -0.0001845  0.0003767 -0.0000534 -0.0000606
 19.2422550  0.0029730 -0.0488095  0.0026660  0.0004082 -0.0004350  0.0002691 -0.0001380  0.0003050
 19.3993346  0.0027682 -0.0489242  0.0026460  0.0004148 -0.0000814  0.0004344 -0.0003033  0.0003110
 19.5564143  0.0028005 -0.0483738  0.0027358  0.0003334 -0.0002366  0.0003617  0.0002147  0.0003367
 19.7134939  0.0027958 -0.0480652  0.0027262  0.0002386 -0.0003948  0.0000083 -0.0002188  0.0000953
 19.8705735  0.0026513 -0.0482784  0.0026269  0.0001660 -0.0000981  0.0001451 -0.0000049  0.0000227
 20.0276532  0.0027067 -0.0476730  0.0023554  0.0003216  0.0001421  0.0000223 -0.0002301  0.0000790
 20.1847328  0.0026723 -0.0469789  0.0022200  0.0003358 -0.0000515  0.0002533 -0.0000062  0.0000463
 20.3418124  0.0027380 -0.0466711  0.0024148  0.0001195 -0.0003114  0.0002422 -0.0001689  0.0002871
 20.4988921  0.0022791 -0.0464530  0.0023689  0.0004282  0.0001383  0.0003915 -0.0001709 -0.0000843
 20.6559717  0.0027709 -0.0461891  0.0023728  0.0002308 -0.0000362  0.0001980  0.0003435  0.0000294
 20.8130513  0.0027710 -0.0458267  0.0022998  0.0002288 -0.0001206  0.0002283  0.0002153 -0.0002128
 20.9701310  0.0024202 -0.0452651  0.0021366  0.0002421 -0.0002746  0.0002358  0.0002071 -0.0000912
 21.1272106  0.0021032 -0.0451053  0.0022305  0.0000239  0.0001057 -0.0001644 -0.0001522 -0.0002422
 21.2842902  0.0023812 -0.0448341  0.0022322  0.0000454 -0.0002858 -0.0000852 -0.0003290 -0.0001771
 21.4413699  0.0020929 -0.0444754  0.0022022  0.0002829  0.0001334  0.0001498 -0.0004473 -0.0002696
 21.5984495  0.0022775 -0.0446731  0.0022152  0.0001255 -0.0001932  0.0002042 -0.0002677 -0.0001553
 21.7555291  0.0021233 -0.0442489  0.0019899  0.0003204 -0.0002393  0.0001306 -0.0004848 -0.0000878
 21.9126088  0.0025014 -0.0438382  0.0017977  0.0003028 -0.0004321  0.0002741  0.0000725 -0.0004088
 22.0696884  0.0023425 -0.0433213  0.0018029  0.0000967 -0.0003203 -0.0000916  0.0003128 -0.0001324
 22.2267680  0.0022240 -0.0429187  0.0019410  0.0002344 -0.0003371 -0.0003790  0.0001028 -0.0001036
 22.3838477  0.0024272 -0.0427685  0.0016749  0.0003191 -0.0004321 -0.0000138 -0.0000324 -0.0000899
 22.5409273  0.0023854 -0.0427873  0.0017996  0.0002858 -0.0000957  0.0003270 -0.0001880 -0.0000895
 22.6980069  0.0022664 -0.0425725  0.0018324  0.0000890 -0.0002849  0.0001377 -0.0002019  0.0000960
 22.8550866  0.0023380 -0.0420959  0.0018193  0.0001468 -0.0002176  0.0001643 -0.0002872 -0.0001226
 23.0121662  0.0023312 -0.0419662  0.0016756  0.0000494 -0.0001379  0.0002685 -0.0000677  0.0000741
 23.1692458  0.0019759 -0.0417366  0.0016469  0.0001254 -0.0000184  0.0003698  0.0000874  0.0001450
 23.3263255  0.0022730 -0.0415235  0.0019607  0.0000218 -0.0001247  0.0001664  0.0001322  0.0000989
 23.4834051  0.0020468 -0.0408804  0.0017862  0.0001628 -0.0001123 -0.0003660 -0.0002552 -0.0001089
 23.6404847  0.0019459 -0.0406088  0.0015379  0.0001731 -0.0002542 -0.0002551  0.0001142 -0.0001852
 23.7975644  0.0017816 -0.0408844  0.0016684  0.0000715 -0.0000723  0.0002325  0.0002063  0.0000875
 23.9546440  0.0022848 -0.0404693  0.0017059  0.0001877 -0.0001441  0.0003552 -0.0000480 -0.0002462
 24.1117236  0.0017793 -0.0402583  0.0013102  0.0001075 -0.0002504  0.0002278 -0.0001203  0.0001340
 24.2688032  0.0016574 -0.0397770  0.0013819  0.0001815 -0.0002906  0.0003198 -0.0003911  0.0001090
 24.4258829  0.0019692 -0.0396708  0.0015578  0.0002031 -0.0001292  0.0005133 -0.0000242  0.0001003
 24.5829625  0.0016969 -0.0391878  0.0015737  0.0003379  0.0000551  0.0004374 -0.0001585  0.0000891
 24.7400421  0.0018106 -0.0392033  0.0016204  0.0002340 -0.0001060  0.0001840 -0.0002116 -0.0000203
 24.8971218  0.0018140 -0.0392910  0.0014879  0.0000268  0.0000250 -0.0000183 -0.0000171  0.0000153
 25.0542014  0.0018621 -0.0385876  0.0014522 -0.0000725 -0.0000812 -0.0002189  0.0000641  0.0002264
 25.2112810  0.0017632 -0.0381089  0.0013094  0.0002920 -0.0006237 -0.0001833  0.0000653  0.0003896
 25.3683607  0.0016662 -0.0382980  0.0011993  0.0002002 -0.0005071  0.0003058  0.0000350 -0.0001837
 25.5254403  0.0016326 -0.0381517  0.0012803  0.0002970 -0.0002540  0.0004013 -0.0000899 -0.0001503
 25.6825199  0.0021850 -0.0375819  0.0013009  0.0004483 -0.0006019  0.0000656 -0.0001099  0.0001048
 25.8395996  0.0019862 -0.0372569  0.0013722  0.0001938 -0.0002427  0.0001943  0.0002429 -0.0001227
 25.9966792  0.0017426 -0.0369726  0.0013315 -0.0000080 -0.0004605 -0.0000929  0.0000643  0.0002559
 26.1537588  0.0016503 -0.0366565  0.0012300  0.0000184 -0.0002229 -0.0003614  0.0002158 -0.0001829
 26.3108385  0.0019066 -0.0368051  0.0012460 -0.0000615 -0.0001720  0.0001137  0.0000255  0.0000322
 26.4679181  0.0021872 -0.0367613  0.0012658 -0.0000597 -0.0002239  0.0001640  0.0000975  0.0000033
 26.6249977  0.0020198 -0.0364357  0.0011359  0.0000397 -0.0001782  0.0004228  0.0003733  0.0002642
 26.7820774  0.0014399 -0.0358850  0.0012733  0.0000846 -0.0001053  0.0003477  0.0000793  0.0002256
 26.9391570  0.0016750 -0.0357705  0.0012676  0.0000211 -0.0003495  0.0002237  0.0001909 -0.0001376
 27.0962366  0.0017007 -0.0361646  0.0010326  0.0000148 -0.0006790  0.0007013  0.0000680  0.0003511
 27.2533163  0.0014173 -0.0359000  0.0012217  0.0001931 -0.0005087  0.0007194  0.0001362  0.0001618
 27.4103959  0.0016999 -0.0350956  0.0013807  0.0002442 -0.0003532  0.0001622 -0.0001921  0.0003334
 27.5674755  0.0017233 -0.0351827  0.0013994  0.0001492 -0.0001775  0.0002607 -0.0002261  0.0002140
 27.7245552  0.0015788 -0.0348685  0.0012665 -0.0000651 -0.0000396 -0.0002657 -0.0000949  0.0000417
 27.8816348  0.0019107 -0.0347702  0.0012574 -0.0000921 -0.0003923 -0.0000929  0.0000376 -0.0000846
 28.0387144  0.0015728 -0.0348063  0.0014040  0.0000241 -0.0002635  0.0002822  0.0000971  0.0002666
 28.1957941  0.0020174 -0.0345408  0.0013920  0.0002347 -0.0003538  0.0002287 -0.0000889 -0.0002196
 28.3528737  0.0014710 -0.0346637  0.0011706  0.0000293 -0.0002427  0.0002331 -0.0002330 -0.0003402
 28.5099533  0.0015855 -0.0344586  0.0013397 -0.0000504 -0.0002147  0.0001077 -0.0002948 -0.0002121
 28.6670330  0.0017510 -0.0340221  0.0012428 -0.0000386 -0.0002979 -0.0002124  0.0000313 -0.0000531
 28.8241126  0.0014281 -0.0340691  0.0011262 -0.0000049 -0.0002221 -0.0002241  0.0001039 -0.0001366
 28.9811922  0.0012345 -0.0339794  0.0010384 -0.0000203 -0.0000958  0.0001675  0.0002321 -0.0000596
 29.1382719  0.0010135 -0.0336346  0.0010696  0.0000895 -0.0000442  0.0003761 -0.0000029 -0.0000704
 29.2953515  0.0011891 -0.0331005  0.0010459  0.0000852 -0.0003003 -0.0002238  0.0003160 -0.0001784
 29.4524311  0.0015962 -0.0330745  0.0008871  0.0002123 -0.0003943 -0.0001597  0.0000669  0.0001437
 29.6095108  0.0014114 -0.0325866  0.0008701  0.0002056  0.0000621 -0.0003112  0.0002294  0.0000531
 29.7665904  0.0012579 -0.0322668  0.0009194  0.0000406  0.0002889 -0.0004231 -0.0000643  0.0000567
 29.9236700  0.0015236 -0.0323516  0.0008981  0.0000263 -0.0002770  0.0000271 -0.0001401  0.0001803
 30.0807497  0.0012062 -0.0320307  0.0009743  0.0000767 -0.0000838  0.0002652  0.0003064 -0.0000854
 30.2378293  0.0012908 -0.0323034  0.0011330  0.0000730  0.0000254  0.0004324 -0.0000862 -0.0001185
 30.3949089  0.0015051 -0.0322307  0.0011725  0.0003410 -0.0002396  0.0004360  0.0003111  0.0003467
 30.5519886  0.0017774 -0.0320168  0.0010766  0.0000417 -0.0003750  0.0004043 -0.0001011  0.0003279
 30.7090682  0.0012736 -0.0318078  0.0011057 -0.0001274 -0.0000091  0.0001983  0.0001209  0.0002738
 30.8661478  0.0011691 -0.0314352  0.0010340 -0.0000204 -0.0001686  0.0001895 -0.0002584  0.0000858
 31.0232275  0.0013789 -0.0310808  0.0010524 -0.0000570 -0.0005351  0.0001483  0.0000888  0.0000540
 31.1803071  0.0012988 -0.0311180  0.0010632  0.0002182 -0.0006075  0.0003530 -0.0000298  0.0000216
 31.3373867  0.0016963 -0.0309610  0.0010459  0.0002928 -0.0003068  0.0000062  0.0001468 -0.0000885
 31.4944664  0.0013261 -0.0307931  0.0009745  0.0000126 -0.0000078 -0.0002306  0.0003181 -0.0001896
 31.6515460  0.0010055 -0.0306505  0.0009816  0.0001270  0.0000503 -0.0004390  0.0000365  0.0000600
 31.8086256  0.0010233 -0.0308086  0.0007560  0.0001670  0.0001206 -0.0000129 -0.0000160  0.0000738
 31.9657053  0.0008502 -0.0304438  0.0008414  0.0001388 -0.0000708 -0.0000681 -0.0000528  0.0000053
 32.1227849  0.0005181 -0.0306176  0.0010571  0.0000697  0.0002347  0.0001566  0.0000480  0.0002590
 32.2798645  0.0008246 -0.0301964  0.0010165  0.0003184 -0.0000673  0.0002932 -0.0001492  0.0003072
 32.4369441  0.0012016 -0.0304140  0.0009560  0.0002869 -0.0002377  0.0005958  0.0002396  0.0001781
 32.5940238  0.0011613 -0.0298292  0.0009337  0.0001747 -0.0000635  0.0004130 -0.0002673 -0.0000386
 32.7511034  0.0009839 -0.0299736  0.0012258  0.0002119  0.0001257  0.0004300  0.0000244 -0.0001855
 32.9081830  0.0007596 -0.0300460  0.0009777 -0.0000719  0.0001708 -0.0000955 -0.0000133 -0.0002493
 33.0652627  0.0009955 -0.0296911  0.0010048 -0.0000096  0.0000263 -0.0000854 -0.0001143 -0.0003747
 33.2223423  0.0007907 -0.0293517  0.0008937  0.0000384  0.0002879  0.0000312 -0.0002637 -0.0002987
 33.3794219  0.0007259 -0.0294513  0.0009946 -0.0000721  0.0000592  0.0002022 -0.0002852 -0.0000687
 33.5365016  0.0005515 -0.0295037  0.0011550  0.0002702  0.0000037  0.0003956 -0.0001094  0.0003050
 33.6935812  0.0012728 -0.0293451  0.0010947  0.0002814 -0.0002085  0.0005277  0.0001650  0.0002041
 33.8506608  0.0010049 -0.0291369  0.0009990  0.0002047  0.0001373  0.0000812  0.0002414  0.0000471
 34.0077405  0.0013648 -0.0288410  0.0011152  0.0002859  0.0000799 -0.0000045  0.0000496  0.0001005
 34.1648201  0.0013497 -0.0286738  0.0010215  0.0001530 -0.0000178  0.0001021 -0.0001131 -0.0000328
 34.3218997  0.0012920 -0.0286914  0.0009007  0.0001614 -0.0002849  0.0000545 -0.0001566  0.0000579
 34.4789794  0.0010949 -0.0286950  0.0007636  0.0002011 -0.0001532  0.0001858 -0.0000041  0.0000318
 34.6360590  0.0012793 -0.0286444  0.0005481  0.0001699 -0.0002415  0.0004011  0.0000676 -0.0000148
 34.7931386  0.0013732 -0.0284794  0.0005507  0.0001537 -0.0002877  0.0001909  0.0001581  0.0003287
 34.9502183  0.0012627 -0.0276757  0.0007158  0.0001300  0.0002047 -0.0002520  0.0004055  0.0002999
 35.1072979  0.0013442 -0.0280760  0.0008165 -0.0001747 -0.0001423  0.0000153  0.0002197  0.0000725
 35.2643775  0.0007500 -0.0281021  0.0009125 -0.0001162  0.0004269  0.0001797  0.0004055 -0.0001561
 35.4214572  0.0007767 -0.0279247  0.0010186 -0.0001428 -0.0000639  0.0001703  0.0002074 -0.0002226
 35.5785368  0.0007503 -0.0278695  0.0009429 -0.0000912 -0.0000094  0.0003172  0.0003365 -0.0004632
 35.7356164  0.0010320 -0.0275828  0.0008060 -0.0001297 -0.0000520 -0.0001286  0.0000771 -0.0004443
 35.8926961  0.0007819 -0.0273624  0.0005683 -0.0000288  0.0000141 -0.0001932  0.0000638 -0.0003744
 36.0497757  0.0006755 -0.0274466  0.0005340 -0.0000154  0.0002530  0.0001670 -0.0001721  0.0000539
 36.2068553  0.0009050 -0.0270947  0.0006312 -0.0000902 -0.0000922 -0.0000599 -0.0000620 -0.0001564
 36.3639350  0.0011324 -0.0271979  0.0006134 -0.0001207 -0.0004930  0.0001043 -0.0001844  0.0001439
 36.5210146  0.0008191 -0.0270438  0.0006449 -0.0000659 -0.0000627 -0.0001185  0.0001177  0.0003158
 36.6780942  0.0011529 -0.0270134  0.0007069 -0.0000815 -0.0004366  0.0000030  0.0000298  0.0000050
 36.8351739  0.0008301 -0.0266521  0.0004748  0.0001431 -0.0005337  0.0001076 -0.0000030 -0.0001981
 36.9922535  0.0006356 -0.0265775  0.0004301  0.0001850 -0.0002899  0.0002858 -0.0000629  0.0000629
 37.1493331  0.0009167 -0.0262449  0.0007217  0.0000855 -0.0000634  0.0000123 -0.0003842 -0.0001969
 37.3064128  0.0010449 -0.0260001  0.0006120  0.0000903 -0.0001683 -0.0001084 -0.0000474  0.0000249
 37.4634924  0.0005547 -0.0262413  0.0004612 -0.0000649 -0.0000849  0.0001236 -0.0002322  0.0000437
 37.6205720  0.0008228 -0.0256757  0.0006975  0.0000126 -0.0000946 -0.0001888 -0.0001099 -0.0000617
 37.7776517  0.0010330 -0.0254865  0.0004546 -0.0000895 -0.0003194 -0.0000991 -0.0000761  0.0004523
 37.9347313  0.0012595 -0.0261740  0.0005956  0.0000489 -0.0005398  0.0004587 -0.0002450 -0.0001186
 38.0918109  0.0009115 -0.0255407  0.0006997  0.0000181 -0.0000777  0.0000001 -0.0002760  0.0000432
 38.2488906  0.0007199 -0.0251045  0.0007272 -0.0000602  0.0000859 -0.0000162 -0.0002093 -0.0002178
 38.4059702  0.0005996 -0.0254823  0.0007823 -0.0001536 -0.0001064  0.0000116  0.0001127  0.0004259
 38.5630498  0.0002156 -0.0259861  0.0008658 -0.0000160  0.0001496  0.0002479 -0.0001830 -0.0000526
 38.7201295  0.0006129 -0.0258100  0.0006784 -0.0000649  0.0000239 -0.0000223  0.0000697  0.0002181
 38.8772091  0.0005888 -0.0255974  0.0006125 -0.0001907  0.0000450 -0.0002008 -0.0003173  0.0000046
 39.0342887  0.0008470 -0.0256014  0.0007226 -0.0001637  0.0000217  0.0002142  0.0000792  0.0000571
 39.1913684  0.0008132 -0.0249887  0.0005774 -0.0001706 -0.0001340  0.0001133 -0.0001063  0.0003013
 39.3484480  0.0008831 -0.0250470  0.0006039  0.0000365  0.0001336  0.0002471 -0.0000272 -0.0002937
 39.5055276  0.0010813 -0.0248677  0.0006022 -0.0000679 -0.0002441  0.0005373  0.0001012 -0.0000420
 39.6626073  0.0008498 -0.0244666  0.0007481 -0.0002240 -0.0003825  0.0002119  0.0001646 -0.0002507
 39.8196869  0.0005372 -0.0249370  0.0006924 -0.0000753 -0.0004230  0.0002417  0.0000341  0.0000422
 39.9767665  0.0006752 -0.0246081  0.0007533  0.0000489 -0.0004433 -0.0000673  0.0000916 -0.0000765
