#w_matsubara  G1_Re   G1_Im   G2_Re   G2_Im   G3_Re   G3_Im   G4_Re   G4_Im   
 0.0785398  0.3111222 -0.0668894  0.0195841 -0.3469100 -0.5696010  0.0014752 -0.4418360 -0.1611210
 0.2356194  0.2726647 -0.1307681  0.0000850 -0.4979601 -0.2417008  0.0001268 -0.3507253 -0.2287333
 0.3926991  0.2368552 -0.1557807 -0.0058799 -0.4604148 -0.1090884  0.0003391 -0.3040379 -0.2321378
 0.5497787  0.2076132 -0.1656635 -0.0085232 -0.4146629 -0.0562923 -0.0000372 -0.2707652 -0.2287933
 0.7068583  0.1840279 -0.1693568 -0.0088663 -0.3764738 -0.0321167 -0.0002172 -0.2435932 -0.2250152
 0.8639380  0.1655991 -0.1693700 -0.0077835 -0.3457013 -0.0201665 -0.0010120 -0.2213186 -0.2205745
 1.0210176  0.1492404 -0.1677298 -0.0060299 -0.3205321 -0.0134754 -0.0007313 -0.2019843 -0.2162563
 1.1780972  0.1376490 -0.1650607 -0.0042420 -0.2994469 -0.0095133 -0.0002631 -0.1857367 -0.2124388
 1.3351769  0.1269742 -0.1626865 -0.0022018 -0.2822227 -0.0062763  0.0005003 -0.1707848 -0.2090411
 1.4922565  0.1184979 -0.1596263 -0.0001051 -0.2673694 -0.0047679  0.0000751 -0.1572827 -0.2046464
 1.6493361  0.1108318 -0.1569506  0.0023366 -0.2546402 -0.0037155  0.0000163 -0.1454395 -0.2006231
 1.8064158  0.1055255 -0.1552187  0.0032186 -0.2427892 -0.0030219 -0.0004106 -0.1352702 -0.1970811
 1.9634954  0.0990670 -0.1526329  0.0048548 -0.2330555 -0.0019383 -0.0006343 -0.1255404 -0.1937068
 2.1205750  0.0941486 -0.1499919  0.0063856 -0.2237054 -0.0010285 -0.0006711 -0.1170670 -0.1896263
 2.2776547  0.0897235 -0.1469031  0.0077096 -0.2154716 -0.0006200 -0.0006682 -0.1088196 -0.1860182
 2.4347343  0.0856014 -0.1442602  0.0089522 -0.2082866 -0.0006676 -0.0003245 -0.1018441 -0.1828244
 2.5918139  0.0822732 -0.1418216  0.0094588 -0.2023613 -0.0008394 -0.0002520 -0.0948119 -0.1798900
 2.7488936  0.0788061 -0.1404859  0.0106502 -0.1961949 -0.0009479 -0.0003856 -0.0888220 -0.1768654
 2.9059732  0.0765474 -0.1383800  0.0117914 -0.1896060 -0.0003822 -0.0006679 -0.0829019 -0.1733767
 3.0630528  0.0734172 -0.1361275  0.0120566 -0.1844599 -0.0001014 -0.0002989 -0.0776730 -0.1701918
 3.2201325  0.0711501 -0.1345707  0.0120748 -0.1794022 -0.0004138 -0.0001682 -0.0729084 -0.1666466
 3.3772121  0.0681925 -0.1318905  0.0122634 -0.1745878 -0.0002613 -0.0002868 -0.0685811 -0.1634342
 3.5342917  0.0663248 -0.1301746  0.0130374 -0.1703808 -0.0005129  0.0004456 -0.0644760 -0.1607818
 3.6913714  0.0644377 -0.1276670  0.0130192 -0.1661131 -0.0005309  0.0004326 -0.0606758 -0.1580173
 3.8484510  0.0630957 -0.1266786  0.0137132 -0.1621311 -0.0002156 -0.0001069 -0.0570665 -0.1551093
 4.0055306  0.0601762 -0.1253571  0.0138872 -0.1587800 -0.0001547 -0.0000892 -0.0536884 -0.1522521
 4.1626103  0.0576540 -0.1244414  0.0146646 -0.1556745 -0.0005710  0.0003173 -0.0505764 -0.1494650
 4.3196899  0.0573809 -0.1215680  0.0141570 -0.1521735 -0.0000896  0.0004657 -0.0481054 -0.1471067
 4.4767695  0.0554796 -0.1205050  0.0140039 -0.1487393  0.0002149  0.0004897 -0.0459369 -0.1441604
 4.6338492  0.0541072 -0.1189494  0.0141060 -0.1461430 -0.0003059  0.0004179 -0.0431511 -0.1417830
 4.7909288  0.0517269 -0.1185120  0.0139646 -0.1425639 -0.0000995 -0.0000889 -0.0412863 -0.1395411
 4.9480084  0.0504910 -0.1170765  0.0135505 -0.1397331 -0.0002275  0.0004346 -0.0388885 -0.1372405
 5.1050881  0.0491465 -0.1148485  0.0134948 -0.1379604  0.0000586 -0.0002927 -0.0371310 -0.1352788
 5.2621677  0.0477102 -0.1136312  0.0131548 -0.1354272  0.0002085  0.0004259 -0.0348832 -0.1332536
 5.4192473  0.0469258 -0.1122154  0.0132230 -0.1325704  0.0003564  0.0000627 -0.0331652 -0.1309589
 5.5763270  0.0457236 -0.1111860  0.0134349 -0.1307658 -0.0000018  0.0000993 -0.0315462 -0.1292270
 5.7334066  0.0437692 -0.1098243  0.0135559 -0.1281230  0.0000522 -0.0000577 -0.0297652 -0.1269714
 5.8904862  0.0424983 -0.1083460  0.0141546 -0.1253406 -0.0000658 -0.0007355 -0.0285171 -0.1246667
 6.0475659  0.0413330 -0.1071955  0.0132905 -0.1233768 -0.0000062 -0.0001933 -0.0272157 -0.1233889
 6.2046455  0.0410103 -0.1057523  0.0126222 -0.1220560  0.0001388 -0.0001147 -0.0261259 -0.1212908
 6.3617251  0.0399360 -0.1051508  0.0129873 -0.1197505  0.0004512 -0.0000922 -0.0245591 -0.1191917
 6.5188048  0.0384150 -0.1037063  0.0129585 -0.1178474  0.0003825  0.0000408 -0.0232041 -0.1173232
 6.6758844  0.0366926 -0.1024670  0.0116718 -0.1167451  0.0002779 -0.0000736 -0.0217160 -0.1152023
 6.8329640  0.0362012 -0.1006481  0.0118943 -0.1140607  0.0002665 -0.0000538 -0.0214193 -0.1133209
 6.9900437  0.0349863 -0.0997970  0.0112589 -0.1125142  0.0000371  0.0001341 -0.0204541 -0.1115115
 7.1471233  0.0337721 -0.0992480  0.0108625 -0.1106324  0.0000249 -0.0006902 -0.0198568 -0.1099701
 7.3042029  0.0333873 -0.0978244  0.0122805 -0.1093983  0.0002363 -0.0004328 -0.0191358 -0.1079386
 7.4612826  0.0331054 -0.0965411  0.0116561 -0.1082632 -0.0002119 -0.0003386 -0.0184959 -0.1067371
 7.6183622  0.0317255 -0.0951273  0.0109924 -0.1059244 -0.0003691  0.0001508 -0.0177786 -0.1049511
 7.7754418  0.0313896 -0.0944110  0.0108260 -0.1047559 -0.0000181  0.0000156 -0.0168913 -0.1041951
 7.9325215  0.0304902 -0.0927647  0.0108631 -0.1033370 -0.0005040 -0.0001832 -0.0159670 -0.1025375
 8.0896011  0.0302469 -0.0924877  0.0105392 -0.1018898 -0.0002743 -0.0001712 -0.0155160 -0.1008840
 8.2466807  0.0286740 -0.0920717  0.0105918 -0.1002065 -0.0001286 -0.0004248 -0.0152043 -0.0995261
 8.4037603  0.0285511 -0.0908752  0.0098095 -0.0991986 -0.0000877  0.0000907 -0.0147625 -0.0983468
 8.5608400  0.0279457 -0.0890510  0.0101914 -0.0973448  0.0000437  0.0001031 -0.0141064 -0.0970932
 8.7179196  0.0267410 -0.0883784  0.0094532 -0.0959401 -0.0006128  0.0006640 -0.0139150 -0.0960402
 8.8749992  0.0259149 -0.0878265  0.0090583 -0.0939836 -0.0004087  0.0001507 -0.0129308 -0.0947935
 9.0320789  0.0247613 -0.0869293  0.0091343 -0.0922831 -0.0004311 -0.0003087 -0.0124598 -0.0937550
 9.1891585  0.0249014 -0.0848730  0.0093341 -0.0919083 -0.0002830 -0.0004585 -0.0121565 -0.0931806
 9.3462381  0.0248844 -0.0851186  0.0093884 -0.0907491  0.0005649 -0.0000587 -0.0114396 -0.0915263
 9.5033178  0.0239423 -0.0843930  0.0092904 -0.0902461  0.0000725 -0.0000002 -0.0111923 -0.0900107
 9.6603974  0.0229955 -0.0831265  0.0083075 -0.0888824 -0.0002221  0.0001105 -0.0107737 -0.0890595
 9.8174770  0.0218623 -0.0826054  0.0083250 -0.0875770 -0.0000452 -0.0003700 -0.0108176 -0.0879779
 9.9745567  0.0230825 -0.0810271  0.0081109 -0.0871663  0.0001997 -0.0001711 -0.0102456 -0.0869417
 10.1316363  0.0217373 -0.0805864  0.0079813 -0.0853403  0.0006842  0.0000389 -0.0096804 -0.0859243
 10.2887159  0.0214303 -0.0803263  0.0078087 -0.0841162  0.0002330  0.0000996 -0.0091556 -0.0852515
 10.4457956  0.0199785 -0.0791874  0.0082937 -0.0833773  0.0005250 -0.0002666 -0.0087865 -0.0844138
 10.6028752  0.0197986 -0.0775097  0.0084550 -0.0825594  0.0003995 -0.0001145 -0.0084593 -0.0827380
 10.7599548  0.0196910 -0.0768936  0.0086302 -0.0812292 -0.0002464 -0.0000942 -0.0087778 -0.0819971
 10.9170345  0.0191427 -0.0762138  0.0078220 -0.0808241 -0.0001335 -0.0001388 -0.0079854 -0.0812264
 11.0741141  0.0191832 -0.0759207  0.0067495 -0.0801581 -0.0007806 -0.0002056 -0.0076588 -0.0798389
 11.2311937  0.0190802 -0.0743685  0.0066878 -0.0790564  0.0000481  0.0006412 -0.0079602 -0.0793162
 11.3882734  0.0186377 -0.0739512  0.0071297 -0.0775923  0.0005339  0.0004620 -0.0076543 -0.0786159
 11.5453530  0.0187343 -0.0728781  0.0071502 -0.0767834 -0.0000869  0.0001360 -0.0070251 -0.0778505
 11.7024326  0.0173918 -0.0729234  0.0065066 -0.0761774 -0.0004065  0.0001848 -0.0065995 -0.0766172
 11.8595123  0.0176677 -0.0713518  0.0068108 -0.0752367  0.0002611  0.0003033 -0.0065446 -0.0757404
 12.0165919  0.0169483 -0.0712864  0.0068462 -0.0735671  0.0000597  0.0000505 -0.0063162 -0.0745128
 12.1736715  0.0157468 -0.0703905  0.0067383 -0.0731769 -0.0002406  0.0003134 -0.0066272 -0.0738355
 12.3307512  0.0153406 -0.0698041  0.0066874 -0.0723989 -0.0007505  0.0001745 -0.0059545 -0.0729783
 12.4878308  0.0154551 -0.0695023  0.0065654 -0.0717638 -0.0003129 -0.0001563 -0.0058607 -0.0727216
 12.6449104  0.0162698 -0.0683773  0.0064029 -0.0715438  0.0000263 -0.0000266 -0.0056955 -0.0714907
 12.8019901  0.0157297 -0.0678264  0.0059969 -0.0703043  0.0005906  0.0002957 -0.0055888 -0.0715784
 12.9590697  0.0155952 -0.0671325  0.0062280 -0.0696819  0.0002116  0.0004395 -0.0052267 -0.0704878
 13.1161493  0.0153588 -0.0664192  0.0061798 -0.0690957  0.0000257 -0.0002513 -0.0054644 -0.0696983
 13.2732290  0.0142083 -0.0661024  0.0056677 -0.0689130 -0.0009949  0.0006503 -0.0050879 -0.0688161
 13.4303086  0.0137979 -0.0654128  0.0055480 -0.0683955 -0.0001015  0.0002069 -0.0050043 -0.0676341
 13.5873882  0.0140088 -0.0647078  0.0055584 -0.0673973  0.0001261  0.0001805 -0.0054938 -0.0671419
 13.7444679  0.0140878 -0.0642867  0.0051395 -0.0664860  0.0005514 -0.0001394 -0.0049843 -0.0665421
 13.9015475  0.0138381 -0.0630545  0.0051894 -0.0656487  0.0001522  0.0005091 -0.0050973 -0.0657948
 14.0586271  0.0123995 -0.0628961  0.0054488 -0.0647488 -0.0004324  0.0000748 -0.0046939 -0.0654794
 14.2157068  0.0134043 -0.0622568  0.0053501 -0.0642331 -0.0004981  0.0004761 -0.0049532 -0.0649227
 14.3727864  0.0128053 -0.0617005  0.0051294 -0.0630315  0.0002918  0.0003017 -0.0049182 -0.0638309
 14.5298660  0.0129037 -0.0613063  0.0048957 -0.0633035  0.0001569  0.0009597 -0.0045395 -0.0639545
 14.6869457  0.0131112 -0.0607004  0.0049605 -0.0629318 -0.0002050  0.0005374 -0.0041400 -0.0632899
 14.8440253  0.0128802 -0.0600755  0.0052950 -0.0621526 -0.0000577  0.0004921 -0.0035140 -0.0622417
 15.0011049  0.0124388 -0.0593563  0.0051741 -0.0615866  0.0002154 -0.0000570 -0.0036714 -0.0616422
 15.1581846  0.0121055 -0.0595009  0.0044248 -0.0611054  0.0006232  0.0002682 -0.0040303 -0.0610464
 15.3152642  0.0113051 -0.0594195  0.0043017 -0.0610441  0.0000193 -0.0002094 -0.0038312 -0.0611019
 15.4723438  0.0118121 -0.0579127  0.0044412 -0.0603008 -0.0000220 -0.0003621 -0.0036244 -0.0604332
 15.6294235  0.0110330 -0.0578288  0.0040706 -0.0598289 -0.0002452  0.0002550 -0.0032929 -0.0592673
 15.7865031  0.0117543 -0.0579301  0.0035276 -0.0598106  0.0000364 -0.0003710 -0.0036611 -0.0593071
 15.9435827  0.0101757 -0.0578097  0.0041015 -0.0591502  0.0005069 -0.0005767 -0.0040343 -0.0588358
 16.1006623  0.0107164 -0.0565136  0.0038343 -0.0587059  0.0001146  0.0002115 -0.0037775 -0.0588847
 16.2577420  0.0093723 -0.0567561  0.0039255 -0.0577456  0.0000863  0.0000589 -0.0034475 -0.0581962
 16.4148216  0.0096794 -0.0561038  0.0042077 -0.0572253  0.0001730  0.0004320 -0.0029703 -0.0572163
 16.5719012  0.0102193 -0.0553480  0.0046001 -0.0568518 -0.0003636  0.0005072 -0.0029578 -0.0565120
 16.7289809  0.0095061 -0.0547377  0.0037921 -0.0561858 -0.0001181  0.0000825 -0.0031516 -0.0563455
 16.8860605  0.0092138 -0.0547379  0.0037562 -0.0552548 -0.0000836 -0.0003956 -0.0033670 -0.0560968
 17.0431401  0.0094473 -0.0545278  0.0042009 -0.0548407 -0.0000162  0.0001210 -0.0029683 -0.0558672
 17.2002198  0.0091141 -0.0542568  0.0035584 -0.0544670  0.0000650  0.0002066 -0.0030269 -0.0552057
 17.3572994  0.0091418 -0.0529055  0.0034769 -0.0544893  0.0000033 -0.0000581 -0.0029675 -0.0544754
 17.5143790  0.0085904 -0.0523815  0.0040014 -0.0541224 -0.0001348 -0.0004311 -0.0029003 -0.0541511
 17.6714587  0.0092043 -0.0523236  0.0036498 -0.0530624  0.0000112 -0.0004481 -0.0028594 -0.0535190
 17.8285383  0.0091582 -0.0510496  0.0035112 -0.0531379 -0.0002602 -0.0003534 -0.0025238 -0.0532210
 17.9856179  0.0083374 -0.0520121  0.0037158 -0.0526985 -0.0001987  0.0001295 -0.0025670 -0.0530804
 18.1426976  0.0087437 -0.0508876  0.0032736 -0.0521641 -0.0001116  0.0000383 -0.0022957 -0.0526555
 18.2997772  0.0082675 -0.0508768  0.0033762 -0.0517991  0.0003481  0.0005494 -0.0025790 -0.0522131
 18.4568568  0.0085997 -0.0498819  0.0033082 -0.0517837  0.0001499  0.0000927 -0.0018050 -0.0521992
 18.6139365  0.0080188 -0.0492931  0.0038782 -0.0509686 -0.0001156  0.0001720 -0.0017587 -0.0508778
 18.7710161  0.0087658 -0.0493776  0.0040698 -0.0503148  0.0001047 -0.0000334 -0.0022065 -0.0503154
 18.9280957  0.0084758 -0.0494236  0.0036469 -0.0502897 -0.0000598  0.0001175 -0.0025943 -0.0499253
 19.0851754  0.0078959 -0.0485091  0.0032308 -0.0495943  0.0000042  0.0000587 -0.0029056 -0.0496933
 19.2422550  0.0074104 -0.0483094  0.0037656 -0.0491448 -0.0000026 -0.0005329 -0.0029756 -0.0494451
 19.3993346  0.0077522 -0.0477090  0.0038767 -0.0495598 -0.0000919 -0.0002758 -0.0022905 -0.0490996
 19.5564143  0.0083805 -0.0481771  0.0033539 -0.0486255 -0.0001154  0.0001447 -0.0019171 -0.0488605
 19.7134939  0.0076407 -0.0479960  0.0029977 -0.0487463  0.0004886  0.0006015 -0.0021766 -0.0483370
 19.8705735  0.0076863 -0.0480074  0.0028727 -0.0486444  0.0000779  0.0008584 -0.0017081 -0.0483157
 20.0276532  0.0069750 -0.0470920  0.0029775 -0.0481611  0.0007087  0.0005521 -0.0017155 -0.0471412
 20.1847328  0.0075689 -0.0463581  0.0030576 -0.0470470  0.0004016 -0.0000136 -0.0018376 -0.0467288
 20.3418124  0.0070265 -0.0464682  0.0028986 -0.0466247 -0.0001827 -0.0000553 -0.0022224 -0.0468389
 20.4988921  0.0074185 -0.0456794  0.0025764 -0.0462888  0.0005486  0.0000661 -0.0017424 -0.0465907
 20.6559717  0.0069946 -0.0452907  0.0028881 -0.0462789  0.0002677  0.0002967 -0.0019913 -0.0464265
 20.8130513  0.0070819 -0.0448688  0.0032264 -0.0458694  0.0004808  0.0003665 -0.0018002 -0.0457296
 20.9701310  0.0067207 -0.0451081  0.0025253 -0.0456055  0.0008327  0.0003756 -0.0014694 -0.0454887
 21.1272106  0.0066611 -0.0451137  0.0032763 -0.0452549 -0.0001475  0.0001024 -0.0018526 -0.0450729
 21.2842902  0.0059550 -0.0445069  0.0032869 -0.0449058 -0.0004807 -0.0002743 -0.0021879 -0.0449036
 21.4413699  0.0054870 -0.0449734  0.0028387 -0.0445616 -0.0011430  0.0001636 -0.0018670 -0.0448073
 21.5984495  0.0057014 -0.0436803  0.0027260 -0.0448548  0.0002294  0.0001714 -0.0021391 -0.0445421
 21.7555291  0.0058604 -0.0439928  0.0029314 -0.0444483  0.0001406  0.0000508 -0.0017037 -0.0444983
 21.9126088  0.0054666 -0.0428206  0.0023045 -0.0433949 -0.0000927 -0.0001786 -0.0018098 -0.0443399
 22.0696884  0.0061844 -0.0431934  0.0024246 -0.0432318 -0.0001517 -0.0001779 -0.0018341 -0.0431738
 22.2267680  0.0066524 -0.0424866  0.0019959 -0.0428203 -0.0004002 -0.0002919 -0.0020154 -0.0426687
 22.3838477  0.0061334 -0.0429794  0.0023110 -0.0433645 -0.0005664  0.0001842 -0.0017207 -0.0428173
 22.5409273  0.0061363 -0.0416896  0.0023045 -0.0438695 -0.0000419  0.0000809 -0.0022215 -0.0429441
 22.6980069  0.0049101 -0.0424194  0.0021646 -0.0424445  0.0002186 -0.0000673 -0.0013952 -0.0428560
 22.8550866  0.0055354 -0.0417492  0.0024014 -0.0420731 -0.0001238  0.0005103 -0.0017499 -0.0424183
 23.0121662  0.0054401 -0.0412841  0.0021402 -0.0420012 -0.0002208  0.0001720 -0.0012193 -0.0421839
 23.1692458  0.0045285 -0.0414598  0.0020665 -0.0414752  0.0004049 -0.0003028 -0.0012647 -0.0419821
 23.3263255  0.0044304 -0.0412652  0.0023303 -0.0408008  0.0007856 -0.0000693 -0.0012855 -0.0411888
 23.4834051  0.0046670 -0.0409893  0.0026675 -0.0406565  0.0009443  0.0004392 -0.0017471 -0.0413495
 23.6404847  0.0053712 -0.0397741  0.0026690 -0.0410620  0.0002831 -0.0003818 -0.0017842 -0.0402806
 23.7975644  0.0047308 -0.0384191  0.0025320 -0.0407791 -0.0000817 -0.0005923 -0.0016919 -0.0403050
 23.9546440  0.0046875 -0.0384266  0.0023122 -0.0404885 -0.0001545  0.0001312 -0.0016723 -0.0401417
 24.1117236  0.0051560 -0.0379499  0.0023633 -0.0406086 -0.0003013  0.0005792 -0.0012807 -0.0401049
 24.2688032  0.0052524 -0.0386969  0.0024204 -0.0399573  0.0004240  0.0001639 -0.0017868 -0.0399569
 24.4258829  0.0047656 -0.0383373  0.0015315 -0.0396952  0.0003730 -0.0004551 -0.0017932 -0.0401407
 24.5829625  0.0056928 -0.0387753  0.0023331 -0.0397474 -0.0002463  0.0002363 -0.0016297 -0.0396658
 24.7400421  0.0048737 -0.0379847  0.0021196 -0.0393700 -0.0002336  0.0003301 -0.0014669 -0.0392755
 24.8971218  0.0054544 -0.0383517  0.0020299 -0.0390648 -0.0003701 -0.0003760 -0.0010743 -0.0392810
 25.0542014  0.0053762 -0.0376538  0.0019972 -0.0389933 -0.0004622  0.0000102 -0.0008987 -0.0391909
 25.2112810  0.0050304 -0.0375372  0.0023577 -0.0386101 -0.0002609 -0.0000642 -0.0011205 -0.0388927
 25.3683607  0.0052212 -0.0374777  0.0024229 -0.0387912 -0.0002263  0.0003767 -0.0007320 -0.0384521
 25.5254403  0.0047953 -0.0375236  0.0027150 -0.0380829  0.0003685  0.0007888 -0.0009558 -0.0382095
 25.6825199  0.0051860 -0.0374176  0.0023331 -0.0372037 -0.0001400  0.0005944 -0.0010068 -0.0375134
 25.8395996  0.0049486 -0.0375567  0.0019193 -0.0376123  0.0003855  0.0004264 -0.0012953 -0.0375148
 25.9966792  0.0049881 -0.0379696  0.0023176 -0.0367471 -0.0005272 -0.0000390 -0.0013084 -0.0372251
 26.1537588  0.0040877 -0.0372335  0.0026415 -0.0371249  0.0003879  0.0002103 -0.0011146 -0.0370718
 26.3108385  0.0043191 -0.0372876  0.0019414 -0.0367839 -0.0001132 -0.0000694 -0.0012339 -0.0363972
 26.4679181  0.0038022 -0.0364464  0.0021137 -0.0363655 -0.0001848  0.0002720 -0.0014823 -0.0365326
 26.6249977  0.0035926 -0.0359459  0.0022358 -0.0360256  0.0001045  0.0001523 -0.0017038 -0.0364894
 26.7820774  0.0035807 -0.0353694  0.0018576 -0.0361378 -0.0000192  0.0001111 -0.0010418 -0.0366516
 26.9391570  0.0038762 -0.0359234  0.0020062 -0.0360662  0.0004722 -0.0003340 -0.0004920 -0.0357138
 27.0962366  0.0048992 -0.0353592  0.0015045 -0.0357836  0.0001020  0.0000783 -0.0011436 -0.0355121
 27.2533163  0.0034157 -0.0353855  0.0011613 -0.0355985 -0.0000168  0.0000008 -0.0009539 -0.0356930
 27.4103959  0.0032944 -0.0351464  0.0017835 -0.0357988  0.0000427  0.0002233 -0.0011780 -0.0356642
 27.5674755  0.0028467 -0.0353637  0.0022113 -0.0355466 -0.0002096  0.0000559 -0.0010476 -0.0351045
 27.7245552  0.0038989 -0.0347651  0.0014526 -0.0353148 -0.0000872 -0.0002542 -0.0006772 -0.0347823
 27.8816348  0.0038493 -0.0343115  0.0010504 -0.0353864  0.0001899 -0.0005871 -0.0008381 -0.0345369
 28.0387144  0.0039482 -0.0340899  0.0017829 -0.0353229  0.0004050 -0.0003974 -0.0015991 -0.0345798
 28.1957941  0.0038126 -0.0337759  0.0023049 -0.0347772  0.0001211 -0.0001531 -0.0015523 -0.0351157
 28.3528737  0.0034492 -0.0336542  0.0013318 -0.0342553  0.0001627 -0.0003105 -0.0006683 -0.0347404
 28.5099533  0.0047823 -0.0324297  0.0019064 -0.0346579 -0.0000742 -0.0006546 -0.0010580 -0.0343495
 28.6670330  0.0036148 -0.0335243  0.0017932 -0.0336083  0.0001056  0.0001536 -0.0011778 -0.0342369
 28.8241126  0.0044949 -0.0331920  0.0016261 -0.0339892  0.0002812  0.0005394 -0.0015062 -0.0344469
 28.9811922  0.0033454 -0.0336813  0.0014163 -0.0342818  0.0007284  0.0001379 -0.0013236 -0.0343160
 29.1382719  0.0032990 -0.0330830  0.0015161 -0.0334823  0.0003554  0.0004307 -0.0009944 -0.0341181
 29.2953515  0.0025809 -0.0329622  0.0019684 -0.0342028  0.0002070  0.0000521 -0.0008831 -0.0336397
 29.4524311  0.0033822 -0.0329446  0.0018889 -0.0338274 -0.0001730 -0.0000316 -0.0007456 -0.0335931
 29.6095108  0.0028827 -0.0327055  0.0013606 -0.0326170 -0.0006530  0.0002948 -0.0002623 -0.0331271
 29.7665904  0.0035041 -0.0331172  0.0011031 -0.0332138 -0.0000569  0.0002743 -0.0008214 -0.0328655
 29.9236700  0.0030443 -0.0332262  0.0009290 -0.0330524 -0.0003942  0.0002222 -0.0010433 -0.0329990
 30.0807497  0.0032333 -0.0328169  0.0013771 -0.0326055 -0.0000160 -0.0000702 -0.0008933 -0.0330627
 30.2378293  0.0027844 -0.0326961  0.0013422 -0.0328940 -0.0002705  0.0000858 -0.0007709 -0.0325614
 30.3949089  0.0027927 -0.0318718  0.0011077 -0.0325500 -0.0002791 -0.0001704 -0.0005563 -0.0326982
 30.5519886  0.0029172 -0.0317802  0.0016805 -0.0322234 -0.0000097  0.0000101 -0.0004194 -0.0321459
 30.7090682  0.0037759 -0.0316982  0.0019107 -0.0320127 -0.0003786 -0.0001716 -0.0005478 -0.0315119
 30.8661478  0.0032922 -0.0312322  0.0019380 -0.0314413  0.0001280 -0.0002368 -0.0006152 -0.0311529
 31.0232275  0.0030619 -0.0310823  0.0017168 -0.0314671 -0.0002111  0.0001573 -0.0008022 -0.0310311
 31.1803071  0.0031362 -0.0305353  0.0011517 -0.0310716 -0.0003827  0.0002399 -0.0009529 -0.0307068
 31.3373867  0.0033891 -0.0308445  0.0011324 -0.0310347 -0.0004731 -0.0001896 -0.0011739 -0.0308924
 31.4944664  0.0036899 -0.0303713  0.0013838 -0.0307838 -0.0003227  0.0003861 -0.0011548 -0.0308226
 31.6515460  0.0035037 -0.0305784  0.0017041 -0.0308790  0.0000441  0.0001821 -0.0012979 -0.0309730
 31.8086256  0.0030404 -0.0311926  0.0016440 -0.0302473 -0.0002025 -0.0001804 -0.0010989 -0.0310776
 31.9657053  0.0027730 -0.0307013  0.0014185 -0.0304632 -0.0001678 -0.0000899 -0.0007077 -0.0303553
 32.1227849  0.0036390 -0.0302718  0.0012476 -0.0303388  0.0005041 -0.0003926 -0.0008092 -0.0305632
 32.2798645  0.0035465 -0.0297534  0.0011806 -0.0300767  0.0006552  0.0002313 -0.0006172 -0.0305329
 32.4369441  0.0037191 -0.0299037  0.0016744 -0.0300637 -0.0000414  0.0004562 -0.0007860 -0.0302236
 32.5940238  0.0026760 -0.0295960  0.0016857 -0.0303011 -0.0000185 -0.0003118 -0.0013340 -0.0304386
 32.7511034  0.0031782 -0.0302528  0.0024684 -0.0296082 -0.0000071 -0.0006325 -0.0015498 -0.0304415
 32.9081830  0.0028479 -0.0292444  0.0011259 -0.0299550 -0.0004490 -0.0007988 -0.0008587 -0.0303778
 33.0652627  0.0023207 -0.0299900  0.0006302 -0.0292503  0.0001886 -0.0006974 -0.0012163 -0.0299781
 33.2223423  0.0021449 -0.0295299  0.0005790 -0.0292532  0.0006300 -0.0003155 -0.0009029 -0.0301193
 33.3794219  0.0028055 -0.0301666  0.0003657 -0.0294744  0.0002683  0.0004734 -0.0008024 -0.0294602
 33.5365016  0.0025837 -0.0289196  0.0004237 -0.0285083  0.0002608  0.0007799 -0.0007851 -0.0296728
 33.6935812  0.0021638 -0.0285977  0.0013890 -0.0288113  0.0005191  0.0000833 -0.0007135 -0.0292706
 33.8506608  0.0024692 -0.0286020  0.0005907 -0.0288337 -0.0001383 -0.0002493 -0.0009670 -0.0287293
 34.0077405  0.0018021 -0.0278568  0.0003252 -0.0288602  0.0001706 -0.0002000 -0.0009910 -0.0291771
 34.1648201  0.0029713 -0.0283990  0.0009742 -0.0287642  0.0000626  0.0000714 -0.0004403 -0.0289145
 34.3218997  0.0025142 -0.0280806  0.0012488 -0.0280806 -0.0002597  0.0000018 -0.0007893 -0.0288760
 34.4789794  0.0031037 -0.0280917  0.0012991 -0.0285627 -0.0006616 -0.0002787 -0.0011108 -0.0286125
 34.6360590  0.0025793 -0.0274455  0.0012694 -0.0284447 -0.0001433  0.0001383 -0.0010001 -0.0287109
 34.7931386  0.0029555 -0.0273711  0.0010972 -0.0281896  0.0001287  0.0002561 -0.0012088 -0.0287572
 34.9502183  0.0027723 -0.0270804  0.0010572 -0.0280219 -0.0002851 -0.0004155 -0.0007929 -0.0285499
 35.1072979  0.0026307 -0.0279611  0.0001382 -0.0274451  0.0000479  0.0000323 -0.0008427 -0.0281423
 35.2643775  0.0033709 -0.0274735  0.0007745 -0.0272495  0.0001477 -0.0004553 -0.0005600 -0.0279835
 35.4214572  0.0023391 -0.0273996  0.0002006 -0.0271996 -0.0005811 -0.0000161 -0.0008606 -0.0280723
 35.5785368  0.0022972 -0.0278560  0.0007567 -0.0280219 -0.0003492  0.0004527 -0.0006010 -0.0280831
 35.7356164  0.0029685 -0.0273761  0.0007139 -0.0275331  0.0000433 -0.0001983 -0.0006125 -0.0278704
 35.8926961  0.0027478 -0.0271079  0.0013537 -0.0275783  0.0001972  0.0000769 -0.0007560 -0.0276486
 36.0497757  0.0023793 -0.0266425  0.0013818 -0.0276770 -0.0002506  0.0005335 -0.0006982 -0.0275723
 36.2068553  0.0024203 -0.0266022  0.0003460 -0.0275466  0.0003228  0.0001292 -0.0008054 -0.0277470
 36.3639350  0.0030055 -0.0275288  0.0007969 -0.0271375  0.0002210 -0.0000292 -0.0003313 -0.0273980
 36.5210146  0.0027975 -0.0277270  0.0004787 -0.0273181  0.0000954 -0.0004238 -0.0005676 -0.0273888
 36.6780942  0.0027944 -0.0276141  0.0005096 -0.0271737 -0.0001791 -0.0003793 -0.0008145 -0.0271835
 36.8351739  0.0024223 -0.0271307  0.0008880 -0.0268361 -0.0005764  0.0004272 -0.0010082 -0.0271399
 36.9922535  0.0027349 -0.0271534  0.0008448 -0.0267633 -0.0002728  0.0001648 -0.0011490 -0.0270484
 37.1493331  0.0018839 -0.0270693  0.0008119 -0.0261389 -0.0002119  0.0002231 -0.0009282 -0.0271870
 37.3064128  0.0023931 -0.0269668  0.0011259 -0.0258015  0.0001935  0.0003546 -0.0007308 -0.0275673
 37.4634924  0.0022111 -0.0258154  0.0009150 -0.0263869 -0.0000812  0.0001879 -0.0000636 -0.0271908
 37.6205720  0.0018127 -0.0262211  0.0005745 -0.0259730 -0.0005439  0.0002886 -0.0001968 -0.0272006
 37.7776517  0.0014781 -0.0263816  0.0011543 -0.0253457 -0.0004501  0.0003804  0.0001037 -0.0264658
 37.9347313  0.0017294 -0.0262502  0.0011965 -0.0257705 -0.0000707  0.0005847 -0.0000137 -0.0263632
 38.0918109  0.0016822 -0.0256788  0.0007181 -0.0258422 -0.0002801  0.0000612 -0.0000842 -0.0266844
 38.2488906  0.0013456 -0.0254171  0.0004263 -0.0258076 -0.0006578 -0.0003222  0.0001747 -0.0267435
 38.4059702  0.0021846 -0.0249154  0.0006623 -0.0255877 -0.0008205 -0.0002455  0.0000099 -0.0261201
 38.5630498  0.0014979 -0.0246124  0.0012465 -0.0252724 -0.0010323  0.0000852  0.0000134 -0.0257090
 38.7201295  0.0025157 -0.0252734  0.0012848 -0.0256935 -0.0003131  0.0002637 -0.0000525 -0.0254300
 38.8772091  0.0019190 -0.0251845  0.0009464 -0.0252175 -0.0002136 -0.0000877 -0.0000524 -0.0247025
 39.0342887  0.0026947 -0.0254519  0.0009461 -0.0247205 -0.0004266 -0.0002023 -0.0002016 -0.0248161
 39.1913684  0.0028906 -0.0246388  0.0005739 -0.0249454 -0.0002525  0.0004280 -0.0003556 -0.0247577
 39.3484480  0.0020425 -0.0250825  0.0006692 -0.0252012  0.0001741 -0.0001774 -0.0004513 -0.0252258
 39.5055276  0.0027683 -0.0249156  0.0005573 -0.0253140  0.0000581  0.0001216 -0.0004191 -0.0249487
 39.6626073  0.0022953 -0.0248258 -0.0000385 -0.0249129 -0.0001786 -0.0003534 -0.0001425 -0.0250367
 39.8196869  0.0016360 -0.0254453  0.0004736 -0.0251674  0.0003766 -0.0000649 -0.0002876 -0.0245554
 39.9767665  0.0017545 -0.0246988  0.0009493 -0.0250537  0.0004128  0.0004610 -0.0006871 -0.0244216
