#w_matsubara  g11_Re     g11_Im     g12_Re     g12_Im     g13_Re     g13_Im     g12_nambu_Re     g12_nambu_Im     
 0.0785398  5.5753548 -0.2554443 -0.4373457 -0.0400698 -0.3496792  0.0681803  0.3645454  0.0007659
 0.2356194  5.5928972 -0.6476684 -0.4305853 -0.1070659 -0.3390552  0.1449094  0.2679612 -0.0011537
 0.3926991  5.6139367 -0.9111338 -0.4222186 -0.1581420 -0.3265451  0.1544909  0.1831415 -0.0004936
 0.5497787  5.6281614 -1.1014378 -0.4181853 -0.1961113 -0.3189605  0.1468184  0.1265650  0.0019730
 0.7068583  5.6376510 -1.2515224 -0.4153249 -0.2258278 -0.3099550  0.1314260  0.0922688  0.0021055
 0.8639380  5.6369868 -1.3786940 -0.4151055 -0.2487131 -0.3018922  0.1193727  0.0683371  0.0021728
 1.0210176  5.6321444 -1.4856646 -0.4127668 -0.2713598 -0.2895770  0.1054775  0.0535962  0.0008934
 1.1780972  5.6199301 -1.5741024 -0.4095249 -0.2796099 -0.2738524  0.0980758  0.0456956  0.0000619
 1.3351769  5.6001165 -1.6500644 -0.4158171 -0.2897101 -0.2637262  0.0917742  0.0339116 -0.0009639
 1.4922565  5.5791904 -1.7096604 -0.4100673 -0.2959752 -0.2526071  0.0877782  0.0301587 -0.0015671
 1.6493361  5.5536007 -1.7605857 -0.4118127 -0.2939922 -0.2408226  0.0822424  0.0284344  0.0015530
 1.8064158  5.5264828 -1.8019893 -0.4122359 -0.2940317 -0.2303101  0.0746318  0.0258747  0.0003601
 1.9634954  5.5030787 -1.8487477 -0.4014103 -0.3019571 -0.2135757  0.0670321  0.0233536  0.0026179
 2.1205750  5.4755508 -1.8764629 -0.4056440 -0.2881092 -0.2163193  0.0743906  0.0178702  0.0016254
 2.2776547  5.4504106 -1.9008499 -0.3990164 -0.2846437 -0.1943074  0.0656815  0.0138575 -0.0055316
 2.4347343  5.4196318 -1.9068987 -0.3888552 -0.2792508 -0.1838430  0.0618431  0.0051466 -0.0027847
 2.5918139  5.3831041 -1.9211048 -0.3814501 -0.2634629 -0.1700664  0.0675300  0.0085970  0.0009305
 2.7488936  5.3440824 -1.9285946 -0.3866536 -0.2567219 -0.1537045  0.0634021  0.0087854 -0.0035153
 2.9059732  5.3290380 -1.9226569 -0.3749921 -0.2540358 -0.1387207  0.0487341 -0.0011866  0.0028243
 3.0630528  5.2907447 -1.9277328 -0.3673424 -0.2477631 -0.1272964  0.0507551  0.0046678  0.0014037
 3.2201325  5.2656876 -1.9314743 -0.3579755 -0.2366074 -0.1081412  0.0689042  0.0007629  0.0054287
 3.3772121  5.2322116 -1.9272620 -0.3527218 -0.2290683 -0.1085876  0.0641459  0.0131105  0.0125707
 3.5342917  5.2013535 -1.9314244 -0.3516254 -0.2273792 -0.0997332  0.0524533 -0.0007897  0.0097650
 3.6913714  5.1905300 -1.9080614 -0.3286071 -0.2166178 -0.0945646  0.0508655 -0.0082385  0.0045781
 3.8484510  5.1618321 -1.9141111 -0.3272004 -0.2125322 -0.0906100  0.0435653  0.0002185  0.0033414
 4.0055306  5.1230635 -1.8913917 -0.3242295 -0.1922440 -0.0959717  0.0523456  0.0100407  0.0006678
 4.1626103  5.0984495 -1.8940747 -0.3148869 -0.1908722 -0.0926508  0.0321671  0.0074913 -0.0052931
 4.3196899  5.0848930 -1.8818385 -0.3134066 -0.1828156 -0.0718649  0.0367129  0.0142457 -0.0042877
 4.4767695  5.0569617 -1.8575769 -0.2892050 -0.1646652 -0.0604270  0.0514912  0.0108334 -0.0077054
 4.6338492  5.0307491 -1.8723408 -0.2868748 -0.1654277 -0.0743035  0.0347102  0.0078662  0.0054905
 4.7909288  5.0288345 -1.8282373 -0.2886187 -0.1546124 -0.0610043  0.0169808 -0.0009493  0.0045751
 4.9480084  5.0039884 -1.7973374 -0.2956235 -0.1515315 -0.0668156  0.0230038  0.0083644  0.0057359
 5.1050881  4.9768166 -1.7805046 -0.2700722 -0.1430890 -0.0694690  0.0118758 -0.0009307  0.0239725
 5.2621677  4.9537944 -1.7827356 -0.2786777 -0.1416457 -0.0422401  0.0056757 -0.0073209  0.0033819
 5.4192473  4.9189664 -1.7547671 -0.2856776 -0.1314201 -0.0313645  0.0594949 -0.0082330  0.0070665
 5.5763270  4.9177961 -1.7159281 -0.2420345 -0.1230621 -0.0547820  0.0073346  0.0048096  0.0012249
 5.7334066  4.9149504 -1.7147736 -0.2522992 -0.0984887 -0.0408269 -0.0041200 -0.0103752  0.0068590
 5.8904862  4.9104069 -1.6702653 -0.2524419 -0.0951071 -0.0331021 -0.0061679  0.0097696 -0.0116445
 6.0475659  4.8857462 -1.6829388 -0.2537941 -0.0988122 -0.0454144  0.0226838  0.0150766 -0.0002297
 6.2046455  4.8701683 -1.6789164 -0.2332326 -0.0950096 -0.0406530  0.0366695  0.0175405 -0.0039316
 6.3617251  4.8798711 -1.6438583 -0.2370543 -0.1101065 -0.0181350 -0.0051464  0.0167087  0.0142913
 6.5188048  4.8386700 -1.6346084 -0.2416028 -0.1152191 -0.0241772  0.0095233  0.0037448  0.0045165
 6.6758844  4.8599513 -1.6483599 -0.2079646 -0.0814506 -0.0170124  0.0213230  0.0092602  0.0189854
 6.8329640  4.8360112 -1.6225064 -0.2333905 -0.0840213 -0.0005237  0.0260017  0.0202644 -0.0021550
 6.9900437  4.7713267 -1.5852428 -0.2046832 -0.0962138  0.0016864  0.0423456  0.0009153 -0.0183434
 7.1471233  4.7931689 -1.5953494 -0.1970185 -0.0725128 -0.0162488  0.0160586 -0.0144149  0.0011900
 7.3042029  4.8099324 -1.5709944 -0.2135766 -0.1001893 -0.0050477  0.0192607  0.0174801 -0.0141783
 7.4612826  4.7567775 -1.5188868 -0.1930688 -0.0922014  0.0228871  0.0245823 -0.0077788 -0.0097591
 7.6183622  4.7307836 -1.5429576 -0.1588943 -0.0851180 -0.0268577 -0.0002522  0.0147472  0.0015654
 7.7754418  4.7878715 -1.5084760 -0.1923477 -0.0706268  0.0024890  0.0166904  0.0142140 -0.0021294
 7.9325215  4.7312215 -1.4594639 -0.1988443 -0.1186171 -0.0244267  0.0546704 -0.0333951  0.0088880
 8.0896011  4.7216029 -1.4828731 -0.1667780 -0.0937918 -0.0681084  0.0340637 -0.0218177  0.0430204
 8.2466807  4.7551241 -1.4526826 -0.1831556 -0.0313994 -0.0014524  0.0242324  0.0097494  0.0245423
 8.4037603  4.7425768 -1.4306162 -0.1851650 -0.0625808 -0.0156825  0.0446722 -0.0204236  0.0190457
 8.5608400  4.7056472 -1.4096784 -0.1354250 -0.0866213 -0.0622947  0.0096246 -0.0102496 -0.0033278
 8.7179196  4.7242804 -1.4048337 -0.1537303 -0.0264623 -0.0063033 -0.0430012 -0.0027778  0.0049397
 8.8749992  4.7583258 -1.3670315 -0.1803506 -0.0778851  0.0446094 -0.0170404 -0.0127919  0.0138899
 9.0320789  4.6900236 -1.3733161 -0.1505179 -0.0800802 -0.0417688  0.0153354 -0.0227737 -0.0000764
 9.1891585  4.6464058 -1.4036300 -0.1302814 -0.0299174 -0.0361784 -0.0261058 -0.0111943 -0.0044697
 9.3462381  4.6438530 -1.3537468 -0.1866821 -0.0470107  0.0214413 -0.0198241  0.0292431  0.0063779
 9.5033178  4.6412710 -1.3116762 -0.1249000 -0.0786706 -0.0020254  0.0182475 -0.0345703 -0.0155182
 9.6603974  4.6399313 -1.3327623 -0.1612865 -0.0357408 -0.0022284 -0.0649538 -0.0186590 -0.0243921
 9.8174770  4.6362152 -1.2870285 -0.1969074 -0.0634954  0.0142262  0.0003354 -0.0047963 -0.0200363
 9.9745567  4.6211880 -1.2513222 -0.1345700 -0.0818506 -0.0006623 -0.0104730 -0.0001550 -0.0038282
 10.1316363  4.6935513 -1.3113744 -0.1224619 -0.0289259 -0.0394248 -0.0391747 -0.0026348 -0.0198758
 10.2887159  4.7129992 -1.2869091 -0.1822706 -0.0335867  0.0591625  0.0508998  0.0104645 -0.0520878
 10.4457956  4.5890516 -1.2106221 -0.1138985 -0.0582166  0.0215397  0.0831654  0.0046193  0.0137865
 10.6028752  4.5967548 -1.2400210 -0.1031672 -0.0005166  0.0042215 -0.0365998 -0.0251865  0.0041593
 10.7599548  4.6591439 -1.2944644 -0.1985336 -0.0622896  0.0244313 -0.0093505 -0.0061964  0.0197331
 10.9170345  4.6461350 -1.2272441 -0.1044633 -0.0915302 -0.0052743  0.0886734 -0.0164533  0.0112935
 11.0741141  4.5995944 -1.2616736 -0.0697167 -0.0418878 -0.0983156 -0.0128160  0.0239856  0.0531508
 11.2311937  4.6534432 -1.2162995 -0.1792902  0.0170480  0.0231807 -0.0886182  0.0276522  0.0416762
 11.3882734  4.6238832 -1.1407016 -0.1661601 -0.1075320 -0.0083235  0.0555853  0.0089203  0.0210569
 11.5453530  4.5942256 -1.1578323 -0.0802782 -0.0551125 -0.1040883 -0.0133192  0.0471889 -0.0175821
 11.7024326  4.6063704 -1.2758373 -0.1598478  0.0432609  0.0152834 -0.0514839  0.0333159 -0.0317775
 11.8595123  4.5637532 -1.0973484 -0.1972539 -0.0420531  0.1818510  0.0907580  0.0006569  0.0097812
 12.0165919  4.5148881 -1.1084630 -0.0921327 -0.0601474  0.0099758  0.1122910  0.0266470 -0.0085280
 12.1736715  4.6084085 -1.1970327 -0.1355860 -0.0073089  0.0225462  0.0148067 -0.0073017 -0.0319445
 12.3307512  4.6224627 -1.1818139 -0.2031288 -0.0376655  0.0636207  0.1492225  0.0259489 -0.0647601
 12.4878308  4.5657066 -1.0450956 -0.0957480 -0.0596414 -0.0300858  0.2064054 -0.0130007 -0.0083112
 12.6449104  4.5301259 -1.0476254 -0.1110123 -0.0587896  0.0389795 -0.0112220 -0.0507071 -0.0439230
 12.8019901  4.5881607 -1.0345466 -0.1284414 -0.0723766  0.0546204  0.0862761 -0.0036332 -0.0461269
 12.9590697  4.5174715 -0.9426676 -0.0073876 -0.1101957  0.0516245  0.0446612  0.0089636 -0.0113260
 13.1161493  4.5797030 -1.1059046 -0.0704753 -0.0000196  0.0352742  0.0252135 -0.0015179 -0.0248263
 13.2732290  4.6147888 -1.0405092 -0.1625542 -0.0910707  0.0060536  0.0856519 -0.0289914  0.0250998
 13.4303086  4.5368134 -0.9577750 -0.0493025 -0.1229066 -0.0107697  0.0364365  0.0057257 -0.0303592
 13.5873882  4.4947933 -1.0458585 -0.0630436  0.0470262 -0.0019256 -0.0591332  0.0348518  0.0387719
 13.7444679  4.6433922 -0.9668320 -0.2171294 -0.0789109  0.1123246  0.0514404  0.0451533  0.0672339
 13.9015475  4.5290584 -0.9135521 -0.0497290 -0.1357519  0.0230182  0.0854805  0.0533387  0.0233739
 14.0586271  4.4613136 -0.9600916 -0.0312658 -0.0339268  0.0057171  0.0432758 -0.0652037  0.0159701
 14.2157068  4.6368838 -0.9977023 -0.0987245 -0.0045305  0.0556078  0.0384465  0.0230062  0.0516700
 14.3727864  4.5656250 -0.8606818 -0.0998224 -0.1123298 -0.0546152  0.1321401 -0.0439234  0.0007645
 14.5298660  4.5039383 -0.9688120  0.0326784  0.0039786 -0.1390806  0.0148860 -0.0357064  0.0097316
 14.6869457  4.5312309 -1.1041514 -0.0994325 -0.0258918  0.1778849 -0.0312830 -0.0037667  0.0006000
 14.8440253  4.5620617 -0.9683170 -0.0665550 -0.1919461  0.0440748  0.0885455 -0.0583356 -0.0162935
 15.0011049  4.4388291 -1.0250882  0.0550867 -0.0408899 -0.1006383 -0.0203266  0.0434716 -0.0343330
 15.1581846  4.6102163 -1.1178705 -0.1108057  0.0370701 -0.0432891 -0.0904680  0.0586478  0.0786739
 15.3152642  4.5907510 -0.9390435 -0.1761334 -0.0075371  0.1181793  0.0164139  0.0625632 -0.0020795
 15.4723438  4.4647629 -0.9731663  0.0125697 -0.0307364 -0.0295379  0.0161025  0.0460363 -0.0920394
 15.6294235  4.5714822 -0.9712393 -0.0987768  0.0869057  0.0908097 -0.0227016 -0.0323644 -0.0504943
 15.7865031  4.5722872 -0.8149554 -0.1980948 -0.1341095  0.1889641  0.0240959  0.0670812  0.0011076
 15.9435827  4.5164617 -0.7785902 -0.0153536 -0.0680988  0.0136647  0.1132832 -0.0047198 -0.0055954
 16.1006623  4.5502560 -0.8686767 -0.0986319 -0.0078606 -0.0135256  0.0026519 -0.0219320 -0.0019118
 16.2577420  4.6013369 -0.7806682 -0.1573315 -0.1789745  0.0147872  0.0420906 -0.0467406 -0.0489832
 16.4148216  4.5258329 -0.7776260  0.0241702 -0.1185399 -0.0683163 -0.0286523  0.0142178 -0.0058723
 16.5719012  4.5298718 -0.8635004 -0.0276930  0.0014810  0.0611675 -0.0297416  0.0098324  0.0199926
 16.7289809  4.5639759 -0.8505751 -0.1159491 -0.0653871  0.1525916  0.0482698 -0.0725535  0.0317019
 16.8860605  4.4355216 -0.8628378 -0.0150747 -0.1650599 -0.1483903  0.1061506  0.0071186  0.0639121
 17.0431401  4.4461358 -0.8921254 -0.0760870  0.0077952 -0.1824258  0.0014773  0.0069165  0.0426203
 17.2002198  4.4419047 -0.8195538 -0.1855067 -0.0778790  0.0967566  0.0896731  0.0129187 -0.0071781
 17.3572994  4.3713834 -0.6303375  0.0092189 -0.1455540 -0.0353015  0.0069388 -0.0624297 -0.0111579
 17.5143790  4.3853327 -0.8993438  0.0188819  0.1216055 -0.0624357 -0.0051170 -0.0688804 -0.0670789
 17.6714587  4.4595917 -1.0287047 -0.1918431 -0.0514515 -0.0207472  0.0932229  0.0421323  0.0734454
 17.8285383  4.4067753 -0.6933823 -0.0402430 -0.1868662 -0.0809476  0.0856420  0.0138871  0.0942413
 17.9856179  4.2101091 -0.9209992  0.0740876 -0.0177614 -0.2108088  0.0832571  0.0641751  0.0364501
 18.1426976  4.4205140 -0.9816099 -0.1623700  0.0406054  0.0558660 -0.0925701 -0.0001711  0.0058087
 18.2997772  4.4345228 -0.6876348 -0.1293637 -0.1092266  0.0060492  0.1267277 -0.0125550 -0.0784283
 18.4568568  4.1649580 -0.8431825  0.0929251 -0.0456061 -0.1075941 -0.0076684  0.0289933  0.0397317
 18.6139365  4.4668956 -1.0446806 -0.0686316  0.0209456  0.1501878 -0.0241331 -0.1305211  0.0133753
 18.7710161  4.4490571 -0.8251343 -0.1416609 -0.0549162  0.0371211  0.0023298 -0.0143580  0.0534832
 18.9280957  4.2780651 -0.8837923 -0.1624538 -0.1421477 -0.0832272  0.0514917  0.0818347 -0.0796844
 19.0851754  4.4215997 -0.8515377 -0.1244257 -0.0208790  0.0761022 -0.1650089  0.0418840  0.0294495
 19.2422550  4.4183016 -0.6850491 -0.1576425 -0.0066922 -0.1379499  0.0204479 -0.0076129  0.0460350
 19.3993346  4.3390823 -0.6498472  0.0185409  0.0176094 -0.1211115  0.0089278  0.0938765  0.0034442
 19.5564143  4.3279564 -0.9195358 -0.0822973  0.0041498  0.0348230  0.0309926  0.0549306 -0.0754102
 19.7134939  4.4220133 -0.6215795 -0.1127977 -0.1549341 -0.0228063 -0.0008853  0.1641320 -0.0875978
 19.8705735  4.3302587 -0.6568635  0.0177160 -0.0252751 -0.0649769 -0.0342064 -0.0349557 -0.0458401
 20.0276532  4.2849580 -0.7918598 -0.0210726  0.2128801 -0.0067889 -0.0902479 -0.0966998 -0.0180190
 20.1847328  4.4374704 -0.7161814 -0.0752003 -0.0341290  0.0045139  0.0499894 -0.0158753  0.0949629
 20.3418124  4.3090991 -0.8477953 -0.0061451 -0.0794474 -0.0362916  0.0363679  0.0035577 -0.0256816
 20.4988921  4.3985672 -0.9781560 -0.0814310 -0.1510985  0.1296788  0.0552646  0.0294942 -0.0490040
 20.6559717  4.5188739 -0.9238475 -0.1192720 -0.2249459  0.1002119  0.0303088  0.0380927 -0.1091590
 20.8130513  4.6312873 -0.7034684  0.0617126 -0.1655099 -0.2799696  0.0470472  0.0567039 -0.1754235
 20.9701310  4.4720692 -0.8271114 -0.0019410 -0.0446821  0.0023417 -0.0668319 -0.0739289  0.0112270
 21.1272106  4.6804381 -0.7970818 -0.0888935 -0.0527200 -0.0376826  0.0524292  0.1099106 -0.0753754
 21.2842902  4.2068650 -0.5422791 -0.1739643 -0.0566488 -0.0044102  0.0244296 -0.0696090 -0.0947959
 21.4413699  4.1497219 -0.7411172 -0.0616519 -0.0079959  0.2743057 -0.0014454 -0.0155507 -0.0153963
 21.5984495  4.3865073 -0.8181349 -0.0586717 -0.0809390  0.1359322 -0.0363420 -0.0680305 -0.0345828
 21.7555291  4.1002056 -0.4746824 -0.1577112 -0.0478900  0.0532477  0.0109517 -0.0515545  0.0718646
 21.9126088  4.2784400 -0.4088829 -0.1146569 -0.0340121 -0.0666204 -0.1383634 -0.1336682  0.0195953
 22.0696884  4.6203411 -0.4584898 -0.1071697  0.0269810 -0.1643554  0.0263748 -0.0825929  0.0757787
 22.2267680  4.3918524 -0.5435457 -0.1738203  0.0645574 -0.0677662  0.1564922 -0.0411920  0.0395888
 22.3838477  4.2447107 -0.6820243  0.0501564 -0.0220011 -0.0073492 -0.0278284 -0.0206052  0.0390964
 22.5409273  4.3293913 -0.6934688 -0.1844204  0.0824829 -0.1825269 -0.0780392 -0.2638442 -0.0956680
 22.6980069  4.3083065 -0.5309228 -0.0035504  0.0943374  0.0411106  0.1673446 -0.0360445 -0.0995748
 22.8550866  4.3480486 -0.5997170 -0.0144007  0.0105458 -0.0666265  0.0509760 -0.1284487 -0.0371534
 23.0121662  4.3263262 -0.3540094 -0.0119152  0.0950190  0.1440074 -0.1462248  0.0763237  0.0383872
 23.1692458  4.5525990 -0.4497738  0.0582183  0.0530001  0.0842429  0.1749111  0.1352676 -0.1258893
 23.3263255  4.6277678 -0.5358594  0.1205995  0.0277757 -0.0348796 -0.0198731  0.0966549 -0.0507078
 23.4834051  4.5664886 -0.6644455  0.0189611  0.0612437  0.2022816 -0.1465426  0.1567868 -0.0765830
 23.6404847  4.6024730 -0.6173945  0.0705893 -0.0624437  0.2314780  0.1097085  0.0259419 -0.0477836
 23.7975644  4.4473639 -0.6837381 -0.0889687 -0.0500811 -0.1754021  0.1006074 -0.1640508 -0.0078576
 23.9546440  4.4947334 -0.6885997 -0.1672434 -0.0392417 -0.0094765 -0.1131838  0.0147888 -0.0151001
 24.1117236  4.5073993 -0.5619066 -0.0104316 -0.0180905 -0.0068337  0.1523515 -0.0701973 -0.0468716
 24.2688032  4.4161966 -0.6409868 -0.0438196  0.0741091 -0.0396069  0.0076064 -0.0671941  0.1124145
 24.4258829  4.5859945 -0.3897461 -0.0269460  0.1189611  0.2176048  0.1141794 -0.0681159 -0.1184281
 24.5829625  4.5770618 -0.2319872 -0.1204791  0.0065797  0.1220803  0.0273891 -0.2380348 -0.0301010
 24.7400421  4.6047553 -0.4592606  0.1039351 -0.1885666  0.0548523  0.1269049  0.1009241 -0.1559571
 24.8971218  4.4822916 -0.6669014  0.0961160 -0.0861198  0.0886987  0.0006191 -0.0695806 -0.0200430
 25.0542014  4.3446707 -0.8829729 -0.0696793 -0.2484953  0.0089671  0.3095134 -0.2114592 -0.1471925
 25.2112810  4.2676392 -0.8122249 -0.0925970  0.0172464 -0.0508202  0.2191038 -0.0730501 -0.0008609
 25.3683607  4.3898337 -0.4577424 -0.0313496 -0.0272995 -0.0647763  0.1425382 -0.1103988 -0.0736224
 25.5254403  4.2456932 -0.5096890 -0.1516101 -0.0741409 -0.1528005  0.1270539  0.0009781 -0.3024679
 25.6825199  4.2479896 -0.6466430 -0.0215475  0.0462034 -0.2124731  0.1405167 -0.1362932 -0.3137275
 25.8395996  4.8203381 -0.6331508 -0.1057518  0.0289050 -0.0901808  0.1249818  0.0807035  0.0792125
 25.9966792  4.6791562 -0.4860120  0.0406683 -0.2063803 -0.0100027  0.0679171  0.1188027 -0.0417852
 26.1537588  4.6014384 -0.3509685  0.1886078  0.0324072  0.0471988  0.0366643  0.1711267 -0.0743141
 26.3108385  4.6577889 -0.8897287  0.1157886  0.0707108  0.0647691 -0.1912567  0.0953068  0.0390855
 26.4679181  4.5474322 -0.3663651 -0.1907055 -0.1919980  0.0576137 -0.1121001  0.0962838  0.1858645
 26.6249977  4.3491957 -0.4700348 -0.1068916 -0.1793800  0.0997916 -0.2648718 -0.0357035 -0.1037466
 26.7820774  4.7775911 -0.7783734 -0.1056591 -0.1304617 -0.1153804 -0.3231364 -0.1063629  0.1687546
 26.9391570  4.6235159 -0.3615636 -0.0873339 -0.3330068  0.0927617 -0.2511689 -0.0476789 -0.0782548
 27.0962366  4.2575700 -0.6065534  0.1057568 -0.2814497 -0.2531613 -0.2324787 -0.2169744 -0.0519230
 27.2533163  4.2960733 -0.6787426 -0.0712254  0.1833593 -0.1509747 -0.1170431  0.1825048 -0.1490487
 27.4103959  4.5227594 -0.2217360 -0.2013995 -0.0804849  0.1504437 -0.0352558  0.0605435  0.0216304
 27.5674755  4.0975253 -0.2274263 -0.0711536 -0.2967589 -0.1787707  0.2303353  0.0776502  0.0951934
 27.7245552  4.0961523 -0.6029701  0.0594760  0.0760288 -0.1367066  0.0168313  0.1767746 -0.1128163
 27.8816348  4.5268974 -0.5240708 -0.1829102 -0.1047115 -0.0330572 -0.0027427  0.1505665 -0.2214499
 28.0387144  4.5331668  0.1054067 -0.0725384  0.0018428 -0.1684101  0.2626900 -0.0440245  0.0165749
 28.1957941  4.3182104 -0.3769311  0.0536356 -0.2389561 -0.4071276  0.0987114  0.0141040 -0.2658552
 28.3528737  4.6237886 -0.3326841 -0.1555312  0.0367285 -0.2615017 -0.0506428 -0.2993449 -0.1950711
 28.5099533  4.4139387 -0.5386612  0.0176246 -0.2912083 -0.0568499  0.0878686 -0.1197778 -0.0015013
 28.6670330  4.4247503 -0.3260251  0.1199129  0.0218381 -0.0040280 -0.1243843 -0.0696520 -0.0139751
 28.8241126  4.3665253 -0.2089887  0.0645076  0.0562008  0.1812700  0.4811919 -0.1406092 -0.1477740
 28.9811922  4.6485312 -0.0711981  0.1861901 -0.1792178  0.0864537 -0.0129600  0.1998971 -0.1877852
 29.1382719  4.3627647 -0.2102637  0.2634170 -0.1870280 -0.0090712 -0.5402123  0.1673012  0.0034499
 29.2953515  4.7409588 -0.4400562 -0.1326595  0.0239809 -0.1618144 -0.2949722  0.0640827 -0.0063215
 29.4524311  4.5449588 -0.1377777  0.0240493 -0.1499030 -0.1380606  0.1086263 -0.1289597 -0.2862373
 29.6095108  4.8729791 -0.5980331  0.1767351 -0.2334592 -0.3551067 -0.0817153 -0.1351724  0.0201827
 29.7665904  4.6189129 -0.6932414 -0.1165264  0.0606716 -0.3283577 -0.3691519 -0.1187043  0.0890579
 29.9236700  4.4311167 -0.2857474 -0.1411354 -0.3241128 -0.2320212 -0.1815672  0.1030154  0.2561367
 30.0807497  4.2244137 -0.8555842 -0.0133958 -0.1676207 -0.3957769  0.2262732  0.0193823 -0.0189780
 30.2378293  4.2130317 -0.8793817  0.0200681 -0.0650376  0.3235171 -0.2422881 -0.2327135 -0.2151271
 30.3949089  4.4451729 -0.3216839 -0.3519809 -0.3249069  0.0206939  0.2413328  0.0668370 -0.1958863
 30.5519886  4.3355884 -0.2586871 -0.0082774 -0.4818271 -0.3858189  0.3814526 -0.2180137 -0.1210155
 30.7090682  4.0184265 -0.5968152  0.0715269  0.0026774 -0.3179699 -0.1439026 -0.2196642  0.0243429
 30.8661478  4.4043056 -0.5287303 -0.3097375 -0.0240075  0.2075045 -0.2825020 -0.1397327  0.1668076
 31.0232275  4.0204392 -0.4408963  0.0081909 -0.2719261 -0.0493487 -0.0572143 -0.0468462 -0.0083036
 31.1803071  4.0571051 -0.0444219  0.0334988 -0.0928384  0.0692729 -0.3914846 -0.2084564  0.0486031
 31.3373867  4.0201056 -0.2189715 -0.1993787  0.0601243  0.0933502  0.0053180 -0.1514836  0.1836218
 31.4944664  4.1325554 -0.0625800  0.0149399 -0.3526134  0.3893029  0.0232744  0.1008644  0.1634792
 31.6515460  3.8901612 -0.2130661  0.1784574  0.0794876  0.0227467 -0.3201220 -0.0976516  0.3771452
 31.8086256  4.4328118 -0.5418245 -0.1557263 -0.0008959  0.0179916 -0.3258981 -0.0855635  0.3720542
 31.9657053  4.3445244 -0.1040800  0.0709098  0.0354987  0.1913483  0.3115512  0.0046698  0.1376431
 32.1227849  3.8319266 -0.2506663  0.2503303  0.0567675 -0.4482395  0.3009421 -0.0617501  0.1896616
 32.2798645  4.4229078 -0.2175089  0.0655426  0.0955392  0.7475991  0.0533521  0.1383292  0.0993374
 32.4369441  4.5150944 -0.3424574  0.1350118 -0.3763691  0.2297631  0.2218850 -0.1384095 -0.2506322
 32.5940238  4.0169063 -0.1428887  0.5321151 -0.1933919 -0.0298401  0.4409648 -0.0793667  0.0067670
 32.7511034  4.4678624 -0.7250019  0.3438887 -0.0929841  0.0038025  0.0186713  0.1817457  0.0353991
 32.9081830  4.6080615 -0.6333857  0.0239302 -0.5255422 -0.1226184  0.1023123  0.0820687 -0.1459915
 33.0652627  4.2974145 -0.4826002  0.0829883 -0.3571148  0.0018952  0.2891370  0.0044458 -0.1320515
 33.2223423  4.1925759 -0.7018564  0.1079134 -0.0041861  0.5015984 -0.5571438  0.1804711 -0.0722605
 33.3794219  4.7478297 -0.4496048 -0.2838716 -0.4713143 -0.1292101  0.2004575  0.0351156 -0.2106096
 33.5365016  3.9422072 -0.2886134  0.2934699 -0.5010279  0.0012864  0.2030396  0.0864270  0.2638217
 33.6935812  4.2788441 -0.7681520  0.2609611 -0.1299104  0.1086140 -0.2018964  0.2361664  0.1054579
 33.8506608  4.7364285 -1.0663594  0.0807140 -0.2197600  0.1360250  0.0176356  0.1499891  0.4465279
 34.0077405  4.3009388 -0.5308664  0.1288165 -0.5754503 -0.2453433  0.3388292 -0.1166221 -0.2763678
 34.1648201  4.2595022 -0.7212467  0.2327365 -0.1659199 -0.2230218 -0.1420549 -0.2454785 -0.3121769
 34.3218997  3.8967330 -0.5894271 -0.1783546  0.1667351 -0.2915182 -0.2640743  0.3118234 -0.3210274
 34.4789794  4.0569172 -0.1663627 -0.0200204 -0.4317395  0.1881189 -0.3838333  0.0017908 -0.4011084
 34.6360590  4.3211461 -0.6871261  0.0130765 -0.1721389 -0.7176413 -0.2535082 -0.1949798 -0.4782184
 34.7931386  4.4152559 -0.9251107  0.0837490  0.0692622 -0.0739544  0.4567267  0.2306223 -0.2830985
 34.9502183  4.1425360 -0.1423197  0.1076662 -0.3079755  0.0835226  0.3182131 -0.0393610  0.0144025
 35.1072979  4.2217514 -0.3264549  0.1723334 -0.3242913 -0.3701770  0.2254744 -0.4699569  0.1425662
 35.2643775  4.4737737 -0.9760601  0.1010144 -0.3241122 -0.3267922 -0.2399588 -0.2553164  0.1479378
 35.4214572  3.9346255 -0.2072593 -0.0511697 -0.1419558 -0.2958148  0.2607774 -0.0474399  0.3273663
 35.5785368  3.8098969 -0.5434108  0.6101673 -0.0365794 -0.4100016  0.2062396 -0.1371745 -0.0606076
 35.7356164  4.5142565 -0.9810398  0.0309117  0.0534265 -0.3651999 -0.5471631  0.0371462  0.2483806
 35.8926961  4.7287969 -0.1823757 -0.0837566 -0.4138200 -0.3610351 -0.4643577  0.0521148 -0.1891125
 36.0497757  3.9234479 -0.8383659  0.1910969 -0.4348595 -0.3338208  0.0662286 -0.5380650  0.2606612
 36.2068553  3.4689262 -0.8596278 -0.1307576  0.2525652 -0.2691730 -0.2385740 -0.1112946  0.0519354
 36.3639350  3.8019857 -0.3466509 -0.3361280  0.0162921  0.1591474  0.2071765  0.5026422  0.1504252
 36.5210146  3.5813761 -0.0218556  0.2994451 -0.0191141 -0.3699932  0.6294310  0.4886605 -0.0478820
 36.6780942  3.7585215 -0.7413923  0.3320073  0.3195826 -0.4818304  0.1015699 -0.3343357 -0.0461311
 36.8351739  4.3682464 -0.4946090 -0.5490994  0.2374698 -0.1503894 -0.0473152  0.0330606  0.1385741
 36.9922535  3.9644247 -0.1307693  0.0210933 -0.3645494 -0.5148748  0.2369230 -0.0554194  0.1288973
 37.1493331  4.0359592 -1.4443248  0.4127881 -0.0320526 -0.7016173 -0.5640552 -0.1043470  0.1970331
 37.3064128  4.3906128 -0.6015724 -0.5576058  0.0742580 -0.2965133 -0.8082518  0.0397105 -0.3917813
 37.4634924  4.6944990 -0.4121461 -0.3146778 -0.5343620 -0.3501434  0.1153645  0.1173957 -0.0055000
 37.6205720  3.7083802 -1.0650241  0.1410207  0.1587711 -0.5874817 -0.0754894  0.2279288 -0.0222684
 37.7776517  4.0064200 -0.4034139 -0.2449204 -0.0343615  0.0031706 -1.1414223 -0.0693766  0.1619437
 37.9347313  3.9386947 -0.1093414 -0.5152207 -0.4912647 -0.1118753 -0.4642844 -0.4455705  0.3405968
 38.0918109  3.6105488 -0.4083459  0.0528332 -0.0856985 -0.1848874  0.3532503  0.0111632  0.4393791
 38.2488906  4.0411062 -0.4394116 -0.5850621  0.0043712  0.0593740 -0.1347305 -0.2861959 -0.0556375
 38.4059702  3.8146079 -0.4376217 -0.4560045 -0.0188235  0.1995290  0.6039107 -0.2222114  0.2404787
 38.5630498  3.7158454 -0.4289918  0.0109969 -0.1425294 -0.0100145 -0.3376230  0.4227853 -0.0684377
 38.7201295  4.0544198 -0.4618572 -0.3480351  0.1374774 -0.1207136 -0.4316265 -0.1170552  0.1702335
 38.8772091  4.4297472 -0.2954602 -0.3177469 -0.2563937  0.0199231 -0.0690122  0.1245010  0.2175410
 39.0342887  4.3001084  0.0028949 -0.0605348 -0.2388290 -0.5495460  0.6118332  0.0085930 -0.2759665
 39.1913684  3.9804292 -0.2393532  0.3954366  0.4281164 -0.0112551  0.1577998  0.1403432 -0.0058351
 39.3484480  4.3754092 -0.5511460 -0.2336727 -0.4418178  0.4665976  0.6249014  0.1720122 -0.1304244
 39.5055276  3.7373733 -0.4209087  0.6131507  0.0356451  0.2071957 -0.0146567 -0.4533113 -0.2692597
 39.6626073  3.5107021 -0.3853505 -0.0548476  0.1671468  0.2382294 -1.0032771 -0.6677600 -0.2927858
 39.8196869  4.7557589  0.2953963 -0.7493127 -0.0496143 -0.2646026 -0.3069797 -0.5619998 -0.1163331
 39.9767665  3.9170786 -0.0836855  0.1685284 -0.0823869 -0.7275287  0.5357327  0.1608281 -0.0404445
