#w_matsubara  g11_Re     g11_Im     g12_Re     g12_Im     g13_Re     g13_Im     g12_nambu_Re     g12_nambu_Im     
 0.1495997  0.0169366 -0.4111063  0.1651057  0.0239419 -0.0359931  0.2115626 -0.0004155 -0.0000437
 0.4487990 -0.0061430 -0.3375017  0.1285100  0.0135607 -0.0159598  0.1259379 -0.0000382 -0.0000581
 0.7479983 -0.0112489 -0.2935834  0.1029889  0.0098107 -0.0110793  0.0841631  0.0000058  0.0000260
 1.0471976 -0.0111148 -0.2632376  0.0854317  0.0086785 -0.0094991  0.0611430  0.0000186 -0.0000171
 1.3463969 -0.0086128 -0.2402948  0.0725418  0.0081302 -0.0087397  0.0463288  0.0000084  0.0000018
 1.6455962 -0.0057841 -0.2223823  0.0628219  0.0082197 -0.0087607  0.0366550  0.0000064 -0.0000061
 1.9447955 -0.0028239 -0.2083161  0.0551854  0.0077374 -0.0084155  0.0294306  0.0000294  0.0000306
 2.2439948 -0.0003757 -0.1957790  0.0490137  0.0076026 -0.0077975  0.0238422  0.0000818  0.0000492
 2.5431941  0.0019061 -0.1860068  0.0435840  0.0072424 -0.0075194  0.0203219  0.0000202 -0.0000108
 2.8423934  0.0036950 -0.1764234  0.0395990  0.0070937 -0.0067941  0.0167965 -0.0000784  0.0000623
 3.1415927  0.0055571 -0.1690559  0.0359277  0.0063698 -0.0065631  0.0146975 -0.0000021 -0.0000336
 3.4407920  0.0064263 -0.1618745  0.0327860  0.0061431 -0.0058772  0.0127554  0.0000063 -0.0000340
 3.7399913  0.0071045 -0.1552447  0.0298779  0.0058829 -0.0056372  0.0107547  0.0000580 -0.0000355
 4.0391906  0.0079853 -0.1494834  0.0276175  0.0056597 -0.0050542  0.0093990 -0.0000458 -0.0000244
 4.3383899  0.0085834 -0.1439499  0.0253470  0.0050467 -0.0043927  0.0080596 -0.0000210  0.0000353
 4.6375892  0.0092330 -0.1390473  0.0235480  0.0047588 -0.0043582  0.0073168  0.0000308 -0.0000112
 4.9367885  0.0093963 -0.1347159  0.0219720  0.0045360 -0.0038330  0.0063720  0.0000170 -0.0000559
 5.2359878  0.0094428 -0.1304220  0.0200900  0.0040573 -0.0035774  0.0055364  0.0000347  0.0000088
 5.5351871  0.0095046 -0.1262821  0.0187827  0.0037979 -0.0030445  0.0051530  0.0000177  0.0000019
 5.8343864  0.0097725 -0.1222683  0.0175530  0.0037039 -0.0029906  0.0046552  0.0000221  0.0000026
 6.1335857  0.0094703 -0.1187169  0.0165037  0.0032150 -0.0026346  0.0041871  0.0000124 -0.0000470
 6.4327850  0.0094804 -0.1151963  0.0153673  0.0030622 -0.0025890  0.0040346 -0.0000236  0.0000647
 6.7319843  0.0093800 -0.1119287  0.0146847  0.0028205 -0.0021417  0.0035564 -0.0000538  0.0001128
 7.0311836  0.0091819 -0.1087756  0.0136958  0.0025851 -0.0019953  0.0029387 -0.0000592 -0.0000423
 7.3303829  0.0089022 -0.1057675  0.0131540  0.0023356 -0.0017694  0.0025216 -0.0000696  0.0000032
 7.6295822  0.0089197 -0.1031602  0.0124429  0.0022718 -0.0019659  0.0023606 -0.0000107  0.0000011
 7.9287815  0.0084376 -0.1006455  0.0115937  0.0021964 -0.0017252  0.0020247 -0.0000639 -0.0000530
 8.2279808  0.0081853 -0.0983550  0.0108474  0.0019066 -0.0016251  0.0016720 -0.0000103 -0.0000733
 8.5271801  0.0087720 -0.0960170  0.0103535  0.0017302 -0.0020466  0.0018187 -0.0000201 -0.0000012
 8.8263794  0.0077166 -0.0936882  0.0097627  0.0017078 -0.0013469  0.0015863  0.0000908  0.0000052
 9.1255787  0.0076624 -0.0911689  0.0089196  0.0015595 -0.0011312  0.0014115  0.0000636  0.0000407
 9.4247780  0.0076583 -0.0888704  0.0086840  0.0014344 -0.0007673  0.0014879 -0.0000021  0.0000333
 9.7239773  0.0070988 -0.0868022  0.0082437  0.0011502 -0.0008056  0.0012054 -0.0000057  0.0001115
 10.0231766  0.0069224 -0.0852325  0.0078811  0.0011917 -0.0012833  0.0016606  0.0000140  0.0000263
 10.3223759  0.0066910 -0.0831438  0.0074746  0.0010348 -0.0009012  0.0013964 -0.0001257 -0.0000057
 10.6215752  0.0061310 -0.0818234  0.0071719  0.0008598 -0.0011355  0.0013449 -0.0000992  0.0000254
 10.9207745  0.0059010 -0.0798635  0.0071003  0.0010625 -0.0012135  0.0014265 -0.0000478 -0.0000089
 11.2199738  0.0060688 -0.0782473  0.0067332  0.0011149 -0.0010151  0.0009744  0.0000236 -0.0000457
 11.5191731  0.0056852 -0.0764305  0.0064042  0.0011176 -0.0011201  0.0005774 -0.0000020 -0.0000649
 11.8183724  0.0054852 -0.0746192  0.0058708  0.0010059 -0.0010941  0.0003913  0.0000686  0.0000086
 12.1175717  0.0057520 -0.0732254  0.0058369  0.0010963 -0.0008270  0.0005763  0.0000866  0.0000554
 12.4167710  0.0054958 -0.0720143  0.0055807  0.0010298 -0.0006463  0.0005331 -0.0000236  0.0000264
 12.7159703  0.0051783 -0.0706033  0.0053748  0.0009449 -0.0001549  0.0005409  0.0000215  0.0000566
 13.0151696  0.0051735 -0.0694640  0.0049563  0.0006146 -0.0005236  0.0005680  0.0000318 -0.0000028
 13.3143689  0.0049920 -0.0678111  0.0048564  0.0007287 -0.0002500  0.0010533  0.0000279  0.0000427
 13.6135682  0.0048903 -0.0668639  0.0045380  0.0006062 -0.0006521  0.0011178 -0.0000109  0.0000066
 13.9127675  0.0048878 -0.0654021  0.0046141  0.0004121 -0.0007172  0.0005641 -0.0000006 -0.0000047
 14.2119668  0.0044349 -0.0641358  0.0044457  0.0003555 -0.0006357  0.0002558 -0.0000215  0.0000174
 14.5111661  0.0042701 -0.0632284  0.0042994  0.0003995 -0.0004640  0.0005419  0.0000016  0.0000015
 14.8103654  0.0037300 -0.0620136  0.0041243  0.0005209 -0.0004070  0.0006557  0.0000169 -0.0000532
 15.1095647  0.0038145 -0.0613667  0.0040011  0.0005587 -0.0003506  0.0006956  0.0000372  0.0000089
 15.4087640  0.0041950 -0.0601525  0.0038374  0.0005372 -0.0005086  0.0004306 -0.0000362 -0.0000291
 15.7079633  0.0040837 -0.0592303  0.0036484  0.0004107 -0.0005374  0.0004496 -0.0000462 -0.0000094
 16.0071626  0.0040689 -0.0583158  0.0036279  0.0004688 -0.0002689  0.0002650  0.0000503 -0.0000740
 16.3063619  0.0037848 -0.0570520  0.0032152  0.0002375 -0.0003436 -0.0001585  0.0000059 -0.0000038
 16.6055612  0.0035653 -0.0564891  0.0030536  0.0003116 -0.0002560  0.0003143  0.0000761 -0.0000131
 16.9047605  0.0035032 -0.0550272  0.0031002  0.0005228 -0.0004790  0.0000418 -0.0000118  0.0000373
 17.2039598  0.0036375 -0.0544628  0.0028990  0.0003847 -0.0004129  0.0004470 -0.0000054  0.0000465
 17.5031591  0.0030386 -0.0535654  0.0030268  0.0004670 -0.0000736  0.0006224  0.0000078  0.0000047
 17.8023584  0.0030235 -0.0528545  0.0028724  0.0001502 -0.0001007  0.0001729  0.0000141 -0.0000029
 18.1015577  0.0030071 -0.0522904  0.0028004  0.0004256 -0.0003771  0.0001855 -0.0000552  0.0000179
 18.4007570  0.0033172 -0.0511673  0.0027952  0.0003479 -0.0004494  0.0002455 -0.0001044 -0.0000748
 18.6999563  0.0031499 -0.0502586  0.0027377  0.0004106 -0.0005014  0.0002007 -0.0000246 -0.0000751
 18.9991556  0.0029036 -0.0499627  0.0026350  0.0002973 -0.0003310  0.0004819  0.0000547  0.0000093
 19.2983549  0.0030544 -0.0493587  0.0026268  0.0000595 -0.0002227  0.0000812 -0.0000531  0.0000440
 19.5975542  0.0028407 -0.0485037  0.0024200  0.0002555 -0.0004022  0.0001931 -0.0000356  0.0000334
 19.8967535  0.0025493 -0.0480680  0.0023000  0.0001691 -0.0005463  0.0002657 -0.0000071 -0.0000055
 20.1959528  0.0026027 -0.0472301  0.0023053  0.0002568 -0.0000145 -0.0001950  0.0000544  0.0000443
 20.4951521  0.0026506 -0.0461950  0.0023347  0.0002021 -0.0003721 -0.0000632 -0.0000319 -0.0000089
 20.7943514  0.0026775 -0.0461074  0.0022265  0.0001704 -0.0005458  0.0003622 -0.0000307 -0.0000071
 21.0935507  0.0021170 -0.0453541  0.0020726  0.0001538  0.0000081  0.0001395  0.0000280  0.0000267
 21.3927500  0.0025771 -0.0445453  0.0020866  0.0002913 -0.0000194 -0.0001817  0.0000051 -0.0000000
 21.6919493  0.0022385 -0.0441985  0.0020534  0.0001033 -0.0000699 -0.0001452 -0.0000051 -0.0000269
 21.9911486  0.0023167 -0.0435682  0.0017505 -0.0000435 -0.0003722 -0.0002225  0.0000473 -0.0000247
 22.2903479  0.0021556 -0.0433769  0.0019725  0.0000710 -0.0002413  0.0001528  0.0000294 -0.0000035
 22.5895472  0.0020767 -0.0426428  0.0019253 -0.0000003 -0.0000543 -0.0001027 -0.0000296  0.0000230
 22.8887465  0.0023171 -0.0419858  0.0016594  0.0002414 -0.0003613 -0.0000035 -0.0000083  0.0000227
 23.1879458  0.0019166 -0.0416119  0.0015367  0.0001362 -0.0001789  0.0002233  0.0000013  0.0000544
 23.4871451  0.0019430 -0.0408140  0.0017259  0.0001903 -0.0000414 -0.0000523  0.0000416  0.0000013
 23.7863444  0.0017553 -0.0407014  0.0015567  0.0000635 -0.0001645  0.0000325 -0.0000152  0.0000513
 24.0855437  0.0017116 -0.0403570  0.0013687  0.0001124 -0.0005815  0.0002830  0.0000746  0.0000087
 24.3847430  0.0018033 -0.0397022  0.0016014  0.0001403 -0.0002358  0.0003005 -0.0000224  0.0000263
 24.6839423  0.0017672 -0.0391357  0.0015851  0.0003126  0.0001483 -0.0000626  0.0000428 -0.0000196
 24.9831416  0.0018931 -0.0386212  0.0015804  0.0002713 -0.0001283  0.0002145  0.0000408  0.0000326
 25.2823409  0.0020734 -0.0383006  0.0014825  0.0002614 -0.0003510 -0.0001125 -0.0000547  0.0000638
 25.5815402  0.0017614 -0.0380063  0.0013970  0.0001061  0.0000839 -0.0001561 -0.0000189  0.0000098
 25.8807395  0.0014947 -0.0376939  0.0013279  0.0000730  0.0001836 -0.0000222 -0.0000506 -0.0000681
 26.1799388  0.0018614 -0.0369894  0.0013917  0.0000701 -0.0004365 -0.0001607  0.0000118 -0.0000335
 26.4791381  0.0017229 -0.0368015  0.0013152  0.0002314 -0.0003415 -0.0000327  0.0000352  0.0000056
 26.7783374  0.0018126 -0.0368151  0.0014774 -0.0000785 -0.0001399 -0.0000002  0.0000069 -0.0000337
 27.0775367  0.0015881 -0.0363313  0.0011726 -0.0001659 -0.0003248  0.0002758  0.0000004  0.0000301
 27.3767360  0.0012906 -0.0354574  0.0010651 -0.0000121  0.0000015 -0.0002187 -0.0000239  0.0000160
 27.6759353  0.0010929 -0.0355022  0.0009402 -0.0000647 -0.0002060 -0.0002186 -0.0000135  0.0000797
 27.9751346  0.0016016 -0.0348618  0.0010108  0.0002092 -0.0001965 -0.0001080 -0.0000301  0.0000365
 28.2743339  0.0018230 -0.0344452  0.0011581  0.0001843 -0.0006188  0.0000396 -0.0001208 -0.0000378
 28.5735332  0.0012522 -0.0340485  0.0010040  0.0000399 -0.0002592 -0.0000494  0.0000016 -0.0000170
 28.8727325  0.0013373 -0.0339998  0.0010851  0.0001004  0.0001066  0.0001998 -0.0000068 -0.0000818
 29.1719318  0.0014059 -0.0334361  0.0009777  0.0000617 -0.0003160  0.0002615  0.0000493 -0.0000279
 29.4711311  0.0016893 -0.0330096  0.0008672  0.0001311 -0.0005380  0.0003805  0.0000169 -0.0000585
 29.7703304  0.0012119 -0.0330716  0.0010874  0.0000842 -0.0001853  0.0002258  0.0000575 -0.0000384
 30.0695297  0.0010726 -0.0328348  0.0010464  0.0000401 -0.0001565 -0.0000091  0.0000554  0.0000335
 30.3687290  0.0010555 -0.0321309  0.0010847  0.0002724  0.0002528 -0.0001315 -0.0000025  0.0000275
 30.6679283  0.0011482 -0.0320240  0.0009029  0.0002664 -0.0001033  0.0003629 -0.0000211  0.0001045
 30.9671276  0.0012422 -0.0317435  0.0009100  0.0002717 -0.0000708  0.0000366 -0.0000881  0.0000383
 31.2663269  0.0008997 -0.0311068  0.0007889  0.0001105  0.0002243 -0.0001565 -0.0000517 -0.0000024
 31.5655262  0.0015188 -0.0309176  0.0009212  0.0001751  0.0001481  0.0002068 -0.0000025 -0.0000105
 31.8647255  0.0012189 -0.0308815  0.0008401  0.0000095 -0.0000882 -0.0000302  0.0000605 -0.0000100
 32.1639248  0.0014104 -0.0305020  0.0008711 -0.0000218 -0.0000551  0.0003121  0.0000063 -0.0000665
 32.4631241  0.0010058 -0.0303522  0.0007925 -0.0001038  0.0000720  0.0002429  0.0000894 -0.0000219
 32.7623234  0.0011977 -0.0297639  0.0008893 -0.0000539 -0.0002548 -0.0000006 -0.0000336 -0.0000297
 33.0615227  0.0012255 -0.0297732  0.0008764 -0.0001258 -0.0004290  0.0002012  0.0000137 -0.0000158
 33.3607220  0.0006916 -0.0292699  0.0008243  0.0000082 -0.0000820  0.0000323  0.0000333  0.0000094
 33.6599213  0.0011648 -0.0288701  0.0010470  0.0000301 -0.0003522 -0.0000769 -0.0000562  0.0000194
 33.9591206  0.0007470 -0.0289648  0.0010469  0.0001169 -0.0000389  0.0001790 -0.0000765 -0.0000316
 34.2583199  0.0011025 -0.0284583  0.0008920  0.0002098 -0.0002931  0.0000999  0.0000161 -0.0000067
 34.5575192  0.0009946 -0.0286142  0.0008905  0.0003030 -0.0000369  0.0003766  0.0000318 -0.0000501
 34.8567185  0.0011195 -0.0283688  0.0007861  0.0000017  0.0000630 -0.0000978 -0.0000284  0.0000297
 35.1559178  0.0010327 -0.0280829  0.0007030  0.0000760 -0.0000060  0.0001378 -0.0000676 -0.0000369
 35.4551171  0.0011272 -0.0276741  0.0005933  0.0001124 -0.0000822  0.0001391  0.0000069  0.0000028
 35.7543164  0.0011178 -0.0271461  0.0007442  0.0000505  0.0001419  0.0001206 -0.0000155 -0.0000237
 36.0535157  0.0010885 -0.0269418  0.0005617 -0.0000931 -0.0001649 -0.0000047  0.0000031  0.0000339
 36.3527150  0.0008313 -0.0268133  0.0008220 -0.0000581  0.0000855  0.0000244 -0.0000098 -0.0000197
 36.6519143  0.0004976 -0.0264189  0.0007480 -0.0000512  0.0000226  0.0000630 -0.0000094 -0.0000185
 36.9511136  0.0007415 -0.0268331  0.0009038 -0.0001721 -0.0000492  0.0003250 -0.0000291 -0.0000520
 37.2503129  0.0009342 -0.0266045  0.0008548 -0.0000563 -0.0002050  0.0001437  0.0000115 -0.0000346
 37.5495122  0.0008193 -0.0260035  0.0009687 -0.0000585 -0.0001483  0.0000349  0.0001120  0.0000258
 37.8487115  0.0008492 -0.0259619  0.0007953  0.0002395 -0.0004499  0.0000944  0.0000168  0.0000774
 38.1479108  0.0008035 -0.0259570  0.0007062 -0.0000458 -0.0005338  0.0001475 -0.0000579  0.0000452
 38.4471101  0.0007882 -0.0256411  0.0006252  0.0000136 -0.0000648 -0.0001376 -0.0000402  0.0000340
 38.7463094  0.0006238 -0.0257167  0.0007087  0.0002107 -0.0000054  0.0003056  0.0000016  0.0000261
 39.0455087  0.0006827 -0.0252396  0.0007487  0.0001879  0.0000532 -0.0000983  0.0000161 -0.0000280
 39.3447080  0.0007029 -0.0251661  0.0006758 -0.0000809  0.0000282  0.0000798 -0.0000272 -0.0000400
 39.6439073  0.0005471 -0.0248278  0.0004439 -0.0000079 -0.0000127  0.0002171  0.0000196  0.0000217
 39.9431066  0.0006732 -0.0247439  0.0007080 -0.0000095  0.0000727  0.0001159  0.0000675  0.0000191
