#w_matsubara  g11_Re     g11_Im     g12_Re     g12_Im     g13_Re     g13_Im     g12_nambu_Re     g12_nambu_Im     
 0.1495997  5.5820519 -0.5641092 -0.3464029 -0.0760576 -0.2224118  0.1647426  0.0012128  0.0000129
 0.4487990  5.6345625 -0.9600707 -0.3341379 -0.1484374 -0.2261267  0.1274212  0.0004263 -0.0001798
 0.7479983  5.6644622 -1.2398125 -0.3294864 -0.1969926 -0.2221788  0.0957795  0.0007968  0.0001250
 1.0471976  5.6640764 -1.4481533 -0.3298175 -0.2281320 -0.2116476  0.0782552  0.0004726  0.0005072
 1.3463969  5.6419080 -1.6009748 -0.3286119 -0.2444072 -0.1955241  0.0667053  0.0001231  0.0006088
 1.6455962  5.6048515 -1.7088307 -0.3252204 -0.2473023 -0.1801515  0.0681524 -0.0007288  0.0008383
 1.9447955  5.5579569 -1.7853927 -0.3221975 -0.2405142 -0.1591870  0.0589573 -0.0005530  0.0007360
 2.2439948  5.5098514 -1.8468018 -0.3162408 -0.2409902 -0.1447464  0.0489533 -0.0006913 -0.0002745
 2.5431941  5.4532168 -1.8707604 -0.3094206 -0.2245296 -0.1248650  0.0449228  0.0007190  0.0000658
 2.8423934  5.4060940 -1.8996485 -0.3031916 -0.2197719 -0.1205771  0.0356294  0.0010322  0.0010658
 3.1415927  5.3399301 -1.9042857 -0.2886595 -0.2066211 -0.0849029  0.0311760 -0.0004901  0.0009180
 3.4407920  5.2898807 -1.9065761 -0.2876965 -0.1887439 -0.0870500  0.0311123  0.0029270  0.0003130
 3.7399913  5.2477279 -1.8835787 -0.2767442 -0.1773662 -0.0849304  0.0359830 -0.0013814  0.0008856
 4.0391906  5.1787264 -1.8901908 -0.2647553 -0.1762287 -0.0586852  0.0372508 -0.0022020  0.0024416
 4.3383899  5.1374603 -1.8300462 -0.2467605 -0.1462471 -0.0459798  0.0184818 -0.0007373  0.0001338
 4.6375892  5.0746720 -1.8124870 -0.2553767 -0.1389045 -0.0650356  0.0261800 -0.0018827 -0.0033640
 4.9367885  5.0640533 -1.7957778 -0.2192693 -0.1344645 -0.0290615  0.0273013 -0.0002373 -0.0012327
 5.2359878  5.0260851 -1.7659343 -0.2267692 -0.1184265 -0.0323718  0.0256733 -0.0014409 -0.0034743
 5.5351871  4.9832946 -1.7206732 -0.2098926 -0.0945764 -0.0404956  0.0424480 -0.0001608  0.0027032
 5.8343864  4.9448589 -1.6734217 -0.2114106 -0.0987351 -0.0337578  0.0144727  0.0006253 -0.0018848
 6.1335857  4.9222066 -1.6524891 -0.1767300 -0.0894559 -0.0122482  0.0099875  0.0009009 -0.0018557
 6.4327850  4.8920328 -1.6256665 -0.1890573 -0.0878990 -0.0230182  0.0232171  0.0031719 -0.0018699
 6.7319843  4.8874941 -1.6110563 -0.1672835 -0.0898835 -0.0198812  0.0019490 -0.0026166  0.0004850
 7.0311836  4.8532982 -1.5722492 -0.1814927 -0.0715247 -0.0408738  0.0028777  0.0036143  0.0008406
 7.3303829  4.8653772 -1.5316400 -0.1495371 -0.0603668 -0.0158890  0.0301515  0.0008935  0.0030891
 7.6295822  4.7921403 -1.4965864 -0.1762223 -0.0566902 -0.0297628  0.0276715  0.0078700  0.0001624
 7.9287815  4.8043729 -1.4890692 -0.1389789 -0.0647782 -0.0142168  0.0299529  0.0008338 -0.0066846
 8.2279808  4.7596557 -1.4244223 -0.1276162 -0.0367498  0.0197263  0.0447471 -0.0042553  0.0002244
 8.5271801  4.7768573 -1.3782207 -0.0955899 -0.0516180 -0.0371455 -0.0070181 -0.0003948 -0.0020706
 8.8263794  4.7314041 -1.3984084 -0.1417950 -0.0552454 -0.0547302  0.0075238 -0.0025830  0.0011903
 9.1255787  4.7268146 -1.3592257 -0.0992528 -0.0632090  0.0673256 -0.0338478  0.0037436 -0.0063817
 9.4247780  4.6823581 -1.3202917 -0.1474133 -0.0386745 -0.0177966  0.0460219  0.0073667  0.0005783
 9.7239773  4.6854591 -1.3218050 -0.0956226 -0.0877389 -0.0036005  0.0088213  0.0031642 -0.0057565
 10.0231766  4.6570760 -1.2536460 -0.1014369 -0.0365556 -0.0491235  0.0073387  0.0073253  0.0011011
 10.3223759  4.6511618 -1.2190172 -0.0980056 -0.0190325 -0.0189903  0.0128909 -0.0028399 -0.0004653
 10.6215752  4.6483533 -1.2500963 -0.0892975 -0.0190348 -0.0019193  0.0151245 -0.0021719  0.0015946
 10.9207745  4.6434803 -1.2158597 -0.0778984 -0.0630462  0.0274778  0.0197127 -0.0079770  0.0010366
 11.2199738  4.5623766 -1.1794099 -0.0763017  0.0037642  0.0381117  0.0744854 -0.0012551 -0.0107217
 11.5191731  4.6215022 -1.2113359 -0.1020746 -0.0614249 -0.0886788 -0.0141676 -0.0027056 -0.0057016
 11.8183724  4.5606311 -1.1841586 -0.1024337 -0.0007616 -0.0040982  0.0312037  0.0059052  0.0047771
 12.1175717  4.5492022 -1.0839000 -0.1107580  0.0175501  0.0524628 -0.0434649  0.0036417  0.0036450
 12.4167710  4.5480291 -1.1002346 -0.0583782  0.0005839 -0.0075910  0.0769484 -0.0016873 -0.0027797
 12.7159703  4.5682460 -1.1190518 -0.1176287 -0.0626098 -0.0401683 -0.0283139  0.0029322  0.0003087
 13.0151696  4.5491293 -1.0562939 -0.0883996  0.0184212  0.0378754  0.0506554  0.0030667  0.0046492
 13.3143689  4.5627825 -1.0145324 -0.1001255 -0.0233182 -0.0511839 -0.0066531 -0.0021677  0.0101476
 13.6135682  4.4853915 -1.0114295 -0.1037691  0.0006682 -0.0070819 -0.0091240 -0.0028802 -0.0186477
 13.9127675  4.5811761 -1.0160675 -0.0838572 -0.0128253 -0.1063107 -0.0942030 -0.0007517  0.0056630
 14.2119668  4.5957282 -1.0620464 -0.0983155  0.0222351  0.0066005  0.0913075  0.0028016  0.0047643
 14.5111661  4.4901954 -0.9373950 -0.1396247 -0.0018505 -0.0078888  0.0306727 -0.0002367  0.0002089
 14.8103654  4.5441520 -0.9900703 -0.0793962 -0.0005511 -0.1055137  0.0481874  0.0075211  0.0018826
 15.1095647  4.6411450 -0.9306769 -0.0645574  0.0512772 -0.0415027  0.0718609 -0.0050625  0.0065971
 15.4087640  4.6224456 -0.8175573 -0.0917425 -0.0212629 -0.0159679  0.0668997  0.0076763 -0.0086051
 15.7079633  4.5293267 -0.9451828 -0.0274075 -0.0094019 -0.1496111  0.0599458 -0.0118951 -0.0033941
 16.0071626  4.6002212 -0.8186666 -0.0645173  0.0301188 -0.1021642  0.1091328 -0.0007456 -0.0001041
 16.3063619  4.6109251 -0.9056485  0.0118731 -0.0039645  0.0133877  0.1036921 -0.0339438  0.0012656
 16.6055612  4.4971026 -0.7925201 -0.0127920 -0.0658802 -0.0036621 -0.0559620  0.0010807 -0.0055400
 16.9047605  4.5190495 -0.8347947  0.0245251  0.0123004  0.0868449 -0.0378950  0.0017637 -0.0087914
 17.2039598  4.3854291 -0.8905813 -0.0087923 -0.0482999  0.0746801 -0.0565493  0.0016420  0.0008017
 17.5031591  4.4504683 -0.7599331 -0.0714602  0.0076037  0.0575562  0.0179639  0.0324554  0.0053514
 17.8023584  4.4388693 -0.8466894 -0.0807908 -0.0293827 -0.0226604  0.1241620  0.0002122  0.0118019
 18.1015577  4.3678740 -0.7521199 -0.0109128 -0.0471681  0.0666886 -0.0790950  0.0015083 -0.0073332
 18.4007570  4.4849118 -0.7515583  0.0270084  0.0084505 -0.0381079  0.0274822  0.0051797 -0.0128205
 18.6999563  4.3905681 -0.6944724 -0.0358228 -0.0068126  0.0239589 -0.0576726  0.0060338  0.0132663
 18.9991556  4.4715038 -0.7295420 -0.0105685  0.0227304 -0.0417987 -0.0576743  0.0217611  0.0087976
 19.2983549  4.4759683 -0.8384017 -0.0112265 -0.0117205 -0.0670884 -0.0361422  0.0023664  0.0232049
 19.5975542  4.4910188 -0.7383080  0.0177123  0.0634721 -0.0727953  0.0180547 -0.0119363  0.0166986
 19.8967535  4.4341278 -0.7172485 -0.1229536 -0.0366924 -0.1503294  0.0690912 -0.0358470  0.0106557
 20.1959528  4.2955361 -0.6586785  0.0345605  0.0197075  0.0870201 -0.0092949  0.0005014 -0.0139877
 20.4951521  4.4227342 -0.7494533 -0.0167715  0.0413708  0.0276517 -0.0642935  0.0207838  0.0063418
 20.7943514  4.6184475 -0.7564380  0.0199790  0.0441749 -0.0600027  0.0374613  0.0089511  0.0077376
 21.0935507  4.4912923 -0.7837993 -0.0238165 -0.0507877 -0.0366751  0.0844613  0.0182457  0.0209655
 21.3927500  4.5945656 -0.6676288  0.0604654 -0.0384560  0.0676228  0.1283638  0.0255819  0.0000078
 21.6919493  4.2372534 -0.8224565 -0.1016513 -0.1011173 -0.1185285 -0.0726662 -0.0016102  0.0035210
 21.9911486  4.3646405 -0.6675584 -0.0145940 -0.0068615  0.0606962 -0.0639724 -0.0049881 -0.0125538
 22.2903479  4.3155167 -0.5474216 -0.0920394 -0.0329567  0.1121839  0.0245303 -0.0124127 -0.0091561
 22.5895472  4.4021105 -0.6437460 -0.0264321  0.1019558  0.0535235  0.2791301  0.0032429 -0.0024339
 22.8887465  4.3770472 -0.7747717 -0.0721618  0.0920541 -0.0509521 -0.0613836  0.0044448  0.0165223
 23.1879458  4.5098322 -0.6559560  0.1318068 -0.0557121  0.1726517  0.0142374  0.0329947 -0.0007965
 23.4871451  4.5644705 -0.5286502 -0.0565384  0.0194495 -0.1063624 -0.0368685  0.0008939 -0.0010202
 23.7863444  4.5449145 -0.7205877  0.0394508 -0.0965244 -0.0519515 -0.0728695  0.0029324 -0.0423309
 24.0855437  4.4194608 -0.7082081 -0.0190233  0.0318358  0.0139028 -0.1512066 -0.0120240 -0.0109750
 24.3847430  4.5119736 -0.5269187 -0.0453864  0.0545679  0.0012103  0.0452254 -0.0353650  0.0033489
 24.6839423  4.2251456 -0.5262492 -0.1008504  0.1237313 -0.1439330  0.0067114  0.0069158 -0.0405492
 24.9831416  4.4862577 -0.9076493  0.0976682 -0.0479010 -0.0378943  0.1286672  0.0336927  0.0219493
 25.2823409  4.2958006 -0.6912537 -0.1726001  0.0874757  0.0574524  0.2552829  0.0148770  0.0184394
 25.5815402  4.4296173 -0.5513657 -0.1462175 -0.1603043 -0.2154547 -0.0935574 -0.0327321  0.0009278
 25.8807395  4.2676341 -0.8126197  0.0993382  0.0324150  0.2218776  0.0702951  0.0024205  0.0308535
 26.1799388  4.4885463 -0.5900908  0.0515695  0.0675328 -0.0551237 -0.0330762 -0.0331268  0.0123885
 26.4791381  4.3883062 -0.4105920 -0.1242378  0.0798543 -0.2229627  0.1230302 -0.0123257 -0.0156150
 26.7783374  4.3185809 -0.6920673  0.0831996 -0.1263894  0.1066195 -0.1580856  0.0325529  0.0060607
 27.0775367  4.4569048 -0.7106583  0.1368219 -0.0135693  0.0129899 -0.0183839  0.0121196 -0.0032187
 27.3767360  4.4350880 -0.7100193 -0.1236872  0.0077482  0.0709413  0.0734855 -0.0314718 -0.0268903
 27.6759353  4.3342270 -0.5199989  0.0306295 -0.0896375 -0.1202776 -0.1659504 -0.0153105 -0.0170845
 27.9751346  4.5504134 -0.4687884  0.0224104  0.0128596  0.0734714 -0.2770173 -0.0255176 -0.0105671
 28.2743339  4.4282742 -0.5239352 -0.0254250  0.1224121  0.2005842 -0.0672504 -0.0065120  0.0381887
 28.5735332  4.5591806 -0.7014547 -0.1311220  0.0517304 -0.1052114 -0.0375454 -0.0284159 -0.0277771
 28.8727325  4.4821251 -0.3144444 -0.0369659 -0.0239066  0.1092393 -0.0107883  0.0137516  0.0070149
 29.1719318  4.3546216 -0.5803712 -0.2077713  0.0085217  0.0051058  0.0623884  0.0349823 -0.0019985
 29.4711311  4.3150677 -0.4182970 -0.0470532  0.1185930  0.0535181  0.3722275  0.0161280  0.0133302
 29.7703304  4.5189588 -0.5900414 -0.0727476 -0.0585470 -0.0831490 -0.1601693 -0.0150787  0.0356853
 30.0695297  4.8091488 -0.6385845  0.0132667 -0.0940642 -0.0693455  0.1858168 -0.0424243  0.0502483
 30.3687290  4.4882514 -0.6233422 -0.0977871 -0.0535006 -0.1667596  0.0511882 -0.0295601 -0.0233783
 30.6679283  4.3322568 -0.6363946 -0.1579495 -0.2090492 -0.0381506 -0.3048268  0.0092833  0.0040017
 30.9671276  4.5869260 -0.7535904  0.0079149 -0.0673991  0.0352645  0.0808797 -0.0317059 -0.0070534
 31.2663269  4.5180402 -0.4809001 -0.0263385  0.1365048 -0.2168922  0.2073232 -0.0228864 -0.0089997
 31.5655262  4.5541249  0.0839457 -0.2337303 -0.0837050 -0.3180967 -0.3274031 -0.0024754 -0.0034182
 31.8647255  4.4911109 -0.5295872  0.0571531  0.1135334 -0.2112292  0.0976765  0.0005726  0.0624721
 32.1639248  4.6264623 -0.0243397 -0.0689222  0.1751701 -0.2273589 -0.1561780 -0.0369701 -0.0248032
 32.4631241  4.4044351 -0.2086009 -0.1050760 -0.0468430 -0.1333132 -0.1470391 -0.0160862 -0.0187200
 32.7623234  4.2822528 -0.0371098  0.0610582  0.0789285  0.0847416  0.0152705 -0.0550024  0.0167207
 33.0615227  4.4482783 -0.3282517 -0.0920705  0.2070343 -0.1405609 -0.0295685 -0.0406410  0.0114521
 33.3607220  4.4352095 -0.6507860  0.0532814  0.0202074 -0.3439254  0.1001795  0.0059616  0.0238062
 33.6599213  4.4985072 -0.5477288 -0.0823246  0.1111639 -0.3627528  0.3064709 -0.0082285 -0.0017912
 33.9591206  4.3119627 -0.3010674 -0.1977107  0.0791989  0.1680460  0.0090721  0.0031821 -0.0111838
 34.2583199  3.9941416 -0.0353573 -0.0681189  0.2223697  0.0415569 -0.0510931  0.0001137 -0.0280600
 34.5575192  4.3526721  0.0230397  0.1403504 -0.1827396  0.2397393  0.0757347  0.0132045 -0.0395505
 34.8567185  3.9483278 -0.0337295  0.0782339  0.0763581  0.3321543 -0.3567458 -0.0615063 -0.0600370
 35.1559178  4.5951969 -0.4482296  0.0752781  0.1781438 -0.2211870  0.2553092  0.0025785 -0.0024473
 35.4551171  4.5283534 -0.2539776  0.1164532  0.2401625  0.0298040  0.0308655 -0.0187505  0.0275273
 35.7543164  4.0098562 -0.3380203  0.0440557 -0.0746200  0.2013892 -0.1329872 -0.0056843  0.0708313
 36.0535157  4.3898682 -0.3921622 -0.1627550  0.0767547 -0.5754206 -0.1796463  0.0769022  0.0243764
 36.3527150  4.1635189 -0.1854433 -0.3212164  0.1148111  0.0793219 -0.0154925 -0.0161688  0.1030372
 36.6519143  4.6497296 -0.0684685  0.0841590  0.2215184 -0.0983907  0.2054801 -0.0396088  0.0283594
 36.9511136  3.7801809 -0.2176274  0.0778027 -0.0019520  0.1644132 -0.4977328 -0.0122976  0.0342921
 37.2503129  5.1635722 -0.4664302 -0.0991444 -0.0272535 -0.3317197  0.1785732 -0.0213699 -0.0725101
 37.5495122  4.5507838 -0.2186623  0.0586982 -0.0067919  0.0325476  0.4196991 -0.0363916 -0.0082355
 37.8487115  4.4426482 -0.6091118  0.0046029 -0.1377906  0.0007808  0.4022139  0.0539192 -0.0402182
 38.1479108  4.0553443 -0.5461577  0.1418755  0.2469509 -0.1571943  0.0936290  0.0065681 -0.1075100
 38.4471101  4.7629124 -0.6009034  0.4232498  0.2154751 -0.0406162  0.3776134  0.1056045  0.0317699
 38.7463094  4.4337952 -0.6919829 -0.0281293  0.0129858 -0.3616459  0.2499562 -0.0165045 -0.0445141
 39.0455087  4.6769332  0.1156013  0.1226594  0.4505027  0.4580476  0.0079371  0.0442205 -0.0258510
 39.3447080  4.7017533 -0.1044601  0.0226207  0.0931087  0.0873629  0.0942506  0.0357310  0.0272869
 39.6439073  3.9044357 -0.2370662  0.0865227 -0.0806495  0.5019947  0.0578923 -0.0049146 -0.0036159
 39.9431066  4.5288394 -0.5484713  0.0258309 -0.2267819 -0.3490364  0.1835400  0.0509727  0.0312230
