#w_matsubara  g11_Re     g11_Im     g12_Re     g12_Im     g13_Re     g13_Im     g12_nambu_Re     g12_nambu_Im     
 0.1336848  5.5766183 -0.5310496 -0.3466623 -0.0688854 -0.2169568  0.1661637  0.0017043 -0.0002423
 0.4010544  5.6245456 -0.9042153 -0.3361263 -0.1379033 -0.2220331  0.1284529 -0.0000959  0.0002791
 0.6684240  5.6547213 -1.1704333 -0.3324916 -0.1824382 -0.2227445  0.1045357  0.0015356 -0.0004642
 0.9357936  5.6653088 -1.3755110 -0.3290231 -0.2148098 -0.2124279  0.0847484 -0.0005023 -0.0005050
 1.2031631  5.6547913 -1.5295848 -0.3241163 -0.2337079 -0.2003068  0.0707737  0.0020837  0.0008956
 1.4705327  5.6344343 -1.6475054 -0.3239714 -0.2430850 -0.1859648  0.0630806 -0.0007719  0.0000441
 1.7379023  5.6009879 -1.7434779 -0.3215849 -0.2505881 -0.1715109  0.0520089 -0.0015327  0.0012622
 2.0052719  5.5492601 -1.8109036 -0.3218032 -0.2429170 -0.1515904  0.0533005  0.0038010 -0.0014208
 2.2726415  5.5052971 -1.8515427 -0.3142472 -0.2409592 -0.1402264  0.0426717 -0.0031529 -0.0000068
 2.5400111  5.4566541 -1.8780413 -0.3087205 -0.2275324 -0.1239743  0.0430703 -0.0011932  0.0004729
 2.8073807  5.4081626 -1.8927513 -0.3021249 -0.2216149 -0.1043787  0.0325500 -0.0033522 -0.0012951
 3.0747503  5.3532796 -1.9014829 -0.2991070 -0.2052439 -0.0937883  0.0362567  0.0002060 -0.0009263
 3.3421198  5.3124985 -1.9080652 -0.2902343 -0.1958380 -0.0850803  0.0427780 -0.0001433 -0.0027697
 3.6094894  5.2599623 -1.8964686 -0.2853863 -0.1794596 -0.0811311  0.0329879  0.0003548 -0.0035447
 3.8768590  5.2079428 -1.8777465 -0.2734695 -0.1726665 -0.0659135  0.0365294  0.0035333  0.0042380
 4.1442286  5.1799025 -1.8696420 -0.2598664 -0.1653863 -0.0636161  0.0334373  0.0005481  0.0010441
 4.4115982  5.1287913 -1.8555579 -0.2584540 -0.1535061 -0.0637090  0.0323156 -0.0007111 -0.0005738
 4.6789678  5.1077956 -1.8219990 -0.2366867 -0.1420148 -0.0580323  0.0217496  0.0018456 -0.0014596
 4.9463374  5.0696219 -1.8005789 -0.2319871 -0.1335967 -0.0629125  0.0178660 -0.0017836 -0.0004815
 5.2137070  5.0315959 -1.7653555 -0.2135237 -0.1208964 -0.0273764 -0.0085111 -0.0022368  0.0056709
 5.4810765  5.0023188 -1.7500492 -0.2119473 -0.1164376 -0.0339951  0.0149785  0.0029850 -0.0060172
 5.7484461  4.9566395 -1.7308189 -0.2235266 -0.1199857 -0.0446682  0.0214722 -0.0060712  0.0023709
 6.0158157  4.9408432 -1.6866555 -0.2085135 -0.1042265 -0.0124937  0.0042505  0.0042257 -0.0026160
 6.2831853  4.9118759 -1.6342819 -0.1962208 -0.0995817 -0.0298598  0.0018143 -0.0095651 -0.0053487
 6.5505549  4.8788172 -1.6121425 -0.1928063 -0.0778798 -0.0337563  0.0213255 -0.0032283  0.0119172
 6.8179245  4.8607825 -1.5786981 -0.1887211 -0.0675794  0.0028503  0.0004138  0.0063694 -0.0095052
 7.0852941  4.8072713 -1.5654657 -0.1621662 -0.0793910 -0.0075495 -0.0029258 -0.0162486  0.0185989
 7.3526637  4.8438921 -1.5318400 -0.1590586 -0.0636804 -0.0074873  0.0035206  0.0082598  0.0099545
 7.6200332  4.8138743 -1.5185830 -0.1520869 -0.0527466  0.0096080 -0.0299691 -0.0010924  0.0013179
 7.8874028  4.7757415 -1.4889213 -0.1556192 -0.0627206 -0.0120808  0.0059939  0.0161812  0.0003272
 8.1547724  4.7376921 -1.4678572 -0.1418216 -0.0593946  0.0016049  0.0296090  0.0075976 -0.0112960
 8.4221420  4.7752591 -1.4370163 -0.1498308 -0.0632146 -0.0452921  0.0084347 -0.0088690  0.0080878
 8.6895116  4.7181608 -1.4027608 -0.1411984 -0.0796560 -0.0036864  0.0059982  0.0028081 -0.0173020
 8.9568812  4.6918004 -1.3430866 -0.1527808 -0.0705795 -0.0335475 -0.0226635 -0.0092375  0.0053315
 9.2242508  4.7137374 -1.3507342 -0.1165938 -0.0553130  0.0091896 -0.0090186  0.0086396  0.0168168
 9.4916204  4.6868609 -1.3917800 -0.1339109 -0.0692437  0.0196024  0.0358003 -0.0027206 -0.0101445
 9.7589899  4.7020629 -1.2673316 -0.1123382 -0.0477279 -0.0576578 -0.0157646 -0.0122128  0.0204821
 10.0263595  4.6397918 -1.2765988 -0.1450030 -0.0562405 -0.0175926  0.0056413  0.0052119 -0.0052119
 10.2937291  4.6894120 -1.3089215 -0.1120720 -0.0382493 -0.0112278  0.0344325 -0.0097649 -0.0076231
 10.5610987  4.6453912 -1.1291501 -0.1230540 -0.0323474 -0.0141258 -0.0580047  0.0093079  0.0070435
 10.8284683  4.6896472 -1.1901583 -0.0636336 -0.0649864 -0.0070892  0.0253920  0.0052785 -0.0079773
 11.0958379  4.6132429 -1.1432220 -0.0705675 -0.0703056  0.0396407 -0.0360602  0.0096117  0.0006638
 11.3632075  4.5840181 -1.2421351 -0.0730912 -0.0447193 -0.0386148  0.0554851  0.0211387  0.0011882
 11.6305771  4.5572127 -1.1501521 -0.1149338 -0.0274665 -0.0495103 -0.0730383 -0.0044738  0.0035702
 11.8979466  4.5583174 -1.1305230 -0.0861672 -0.0144929  0.0217576  0.0466879  0.0160625  0.0080493
 12.1653162  4.6175716 -1.1058559 -0.0791785 -0.0428920  0.0127314 -0.0620038  0.0067370 -0.0011264
 12.4326858  4.5512471 -1.1169211 -0.0987792 -0.0657371 -0.0456324  0.0051211 -0.0178466 -0.0011944
 12.7000554  4.5906753 -1.1656540 -0.0962050 -0.0486108 -0.0380089 -0.0002845  0.0130158  0.0089525
 12.9674250  4.5552375 -1.0412868 -0.1105173 -0.0268663 -0.0400766  0.0289141 -0.0195101 -0.0009925
 13.2347946  4.5793565 -1.0485980 -0.0635042 -0.0130859 -0.0538511  0.0158451  0.0078596  0.0375922
 13.5021642  4.5133973 -0.9582148 -0.0763140  0.0071325  0.0791269 -0.0429893  0.0158616 -0.0305534
 13.7695338  4.4994112 -1.0897018 -0.0996270 -0.0635548 -0.0230467  0.0004165 -0.0111417 -0.0012927
 14.0369033  4.5992347 -0.9902339 -0.0894181 -0.0353999 -0.0411327 -0.0099064  0.0588682  0.0188231
 14.3042729  4.5060482 -0.9630527 -0.1259169  0.0086898 -0.0211713 -0.0039307 -0.0146802 -0.0025322
 14.5716425  4.4962680 -0.9358485 -0.1237178  0.0374252 -0.1385627  0.1189563  0.0061316  0.0272694
 14.8390121  4.5562197 -0.9120952 -0.1074748  0.0303539 -0.0104001  0.0120652 -0.0025886 -0.0154314
 15.1063817  4.6111042 -0.8783550 -0.0735042  0.0267911 -0.0358303  0.0669529 -0.0254492  0.0224288
 15.3737513  4.5072653 -0.9037076 -0.0389745 -0.0014769  0.0946189 -0.0867501  0.0184925 -0.0150358
 15.6411209  4.4685341 -1.0781350 -0.0776289 -0.0333858  0.0304289  0.1034553 -0.0371945 -0.0379732
 15.9084905  4.5424844 -0.8019135 -0.0837039  0.0285171 -0.0232946 -0.0812481  0.0283079  0.0285197
 16.1758600  4.4196562 -0.9033461 -0.1002996  0.0087558  0.0617887  0.0046023 -0.0440884 -0.0242732
 16.4432296  4.5140873 -0.8760715 -0.0636611  0.0216889 -0.0281961  0.0508489  0.0231151  0.0248374
 16.7105992  4.4198542 -0.8014253 -0.0524276 -0.0032084  0.0754537 -0.0605244  0.0463730  0.0032382
 16.9779688  4.6317981 -0.9916158 -0.0478597  0.0701100  0.0078322  0.0188329 -0.0322402  0.0149420
 17.2453384  4.6036506 -0.8440713 -0.0754317 -0.0197383  0.1086338 -0.0128371  0.0289261  0.0590306
 17.5127080  4.5246380 -0.9248378 -0.0905456  0.0599967  0.0205830  0.2110834 -0.0164563 -0.0035715
 17.7800776  4.6833962 -0.7447375 -0.0190494  0.0019589 -0.0737086  0.0363413 -0.0107642 -0.0396627
 18.0474472  4.3829623 -0.8624575 -0.0105530 -0.0140248  0.1856681  0.1149968 -0.0074052 -0.0577796
 18.3148167  4.6769940 -0.8479388 -0.0740020 -0.0391760 -0.1330091  0.0050510 -0.0158766 -0.0186006
 18.5821863  4.3375716 -0.6797328 -0.0453311 -0.0536071  0.0984953 -0.0725970  0.0122918  0.0075705
 18.8495559  4.5450579 -1.0126743 -0.0822966 -0.0965536 -0.0940487  0.1503324 -0.0189600  0.0111682
 19.1169255  4.4061093 -0.6854347 -0.1038407 -0.0073265  0.0208546 -0.1152869 -0.0235598  0.0699011
 19.3842951  4.3872315 -0.6586375 -0.1336181  0.0034920  0.0027061  0.1120995  0.0255027 -0.0198444
 19.6516647  4.5152920 -0.6192315 -0.0056850  0.0320012  0.0604193 -0.0160472 -0.0281161 -0.0181726
 19.9190343  4.5304476 -0.8384331 -0.0044221 -0.0129186  0.1935275  0.1562847 -0.0063070  0.0259428
 20.1864039  4.7239756 -0.5850325  0.0615747 -0.0816363 -0.0742533 -0.0024042 -0.0129138 -0.0418318
 20.4537734  4.2068982 -0.8211916 -0.0295912 -0.1255660  0.2584451 -0.0912511 -0.1145105 -0.0227112
 20.7211430  4.6245339 -0.6366995 -0.1058643 -0.0212165 -0.1939494 -0.0444414  0.0622477  0.0006737
 20.9885126  4.3609836 -0.5627960 -0.0344067  0.0033143  0.1115336 -0.0870566 -0.0149910 -0.0022749
 21.2558822  4.4462058 -0.6389393 -0.0241712  0.0296653  0.0250425  0.1741434  0.0143886  0.0119669
 21.5232518  4.6096578 -0.4599160  0.0674264 -0.0370886  0.0016758 -0.0864315  0.0004263 -0.0409698
 21.7906214  4.4941462 -0.8976501  0.0739386 -0.1013633  0.1664333  0.0361629 -0.0327585  0.0384825
 22.0579910  4.5469259 -0.5435497  0.0792646 -0.0340480  0.0165983 -0.0756235  0.0537204 -0.0076996
 22.3253606  4.3308934 -0.9349217 -0.1173104 -0.0430881  0.1165179  0.0972212 -0.1085656  0.0169547
 22.5927301  4.7376363 -0.9508222  0.0123257  0.0088072 -0.1643182  0.4362641  0.0469057  0.0538401
 22.8600997  4.3882982 -0.5118491  0.0792133 -0.0216887  0.2975138 -0.0471224 -0.0235297 -0.0863371
 23.1274693  4.5409055 -0.7978326  0.0031187 -0.0202574 -0.0383667  0.0995928  0.0087996  0.1058828
 23.3948389  4.6234157 -0.5869938  0.0249222  0.0865260 -0.0081089 -0.2916978  0.0653482 -0.0122699
 23.6622085  4.2792322 -0.8762044 -0.0769932  0.0074904  0.0422918  0.3067751 -0.0003769  0.0048373
 23.9295781  4.8078570 -0.6245850 -0.1166500  0.1158066 -0.2000613 -0.0861756  0.1088721 -0.0388480
 24.1969477  4.4444839 -0.6018908 -0.0014609 -0.0170994  0.0890209  0.0030686 -0.0201271 -0.0402245
 24.4643173  4.7802207 -0.6887467  0.0257441 -0.1355301 -0.4208420  0.0480588  0.0015830  0.0460146
 24.7316868  4.3868470 -0.6045608 -0.0060854 -0.1055647  0.4134826 -0.1024894 -0.0685552 -0.0066927
 24.9990564  4.2352600 -0.9426055 -0.0663106  0.0001401  0.0603062  0.4201175 -0.1333098  0.0733706
 25.2664260  4.1981281 -0.6257348 -0.0592314 -0.2778298  0.0399582 -0.2843178  0.0536018  0.0461385
 25.5337956  4.1113392 -0.8137458 -0.0850780 -0.0538235 -0.0450222  0.3084889 -0.0406840 -0.0351604
 25.8011652  4.5339052 -0.5759625 -0.1084776  0.0964873 -0.1650986 -0.0853822  0.0001106 -0.0064367
 26.0685348  4.1801904 -0.8811964 -0.1500910  0.0293649  0.4686549  0.1792165  0.0088196  0.0116054
 26.3359044  4.7449106 -0.8737463 -0.1744933 -0.0531158 -0.4126571  0.1972330  0.0177540 -0.0009548
 26.6032740  4.1916481 -0.1451126 -0.1031682  0.1900603  0.1472570 -0.0109937  0.0427388  0.0690555
 26.8706435  4.7751973 -0.8015677 -0.1167452  0.0987336 -0.4263134  0.2713997 -0.0322076  0.0087290
 27.1380131  4.6998443 -0.2229352  0.1785695  0.0924924  0.0372914 -0.2680810 -0.0294577  0.0356746
 27.4053827  4.4091705 -0.5836460 -0.0566386 -0.0156179  0.0456927  0.0016063  0.0044914 -0.0516691
 27.6727523  4.7366401 -0.0737939  0.0336990  0.1073897 -0.1477619 -0.1871166 -0.0106631 -0.0607368
 27.9401219  4.3244151 -0.7026154 -0.0363617 -0.0833975  0.5629631 -0.1626165  0.0051672  0.1012270
 28.2074915  4.8927368 -0.4435690 -0.0547435 -0.1527200 -0.3128355 -0.2339553 -0.0810293 -0.1736812
 28.4748611  3.9305203 -0.3305642 -0.0245892 -0.2387407  0.4281906 -0.4573364 -0.0570689  0.0655033
 28.7422307  4.5212228 -0.8300770 -0.0176831  0.0835016 -0.2649910  0.5966431  0.1865746  0.0423072
 29.0096002  4.4334709 -0.4707694 -0.0745694  0.2518694  0.1960167  0.1064010 -0.0810631  0.0614713
 29.2769698  4.5577048 -1.1991968  0.1843834 -0.2232692 -0.0411606  0.3276820  0.0344115  0.2320171
 29.5443394  4.4897670 -0.0782752 -0.0618812  0.1056705  0.0408094 -0.3467571  0.0454934 -0.0922075
 29.8117090  4.4325310 -0.4441660 -0.1418410 -0.0797720  0.2062776  0.1437697 -0.0223762  0.0663455
 30.0790786  4.9214404  0.0347965  0.0310709  0.0676902 -0.0914080  0.0168383 -0.0270858 -0.1134863
 30.3464482  4.3193324 -0.3177299  0.0833106 -0.0667599  0.2990905  0.0195418 -0.0884291  0.0629464
 30.6138178  4.7408358 -0.5233551 -0.1581352 -0.1318708 -0.3974980 -0.0970575  0.0910671  0.0479817
 30.8811874  4.3902759 -0.1870668  0.1401426 -0.0506265  0.1327821 -0.0945264 -0.0442485 -0.1045280
 31.1485569  4.4811484 -0.6841451 -0.0608856 -0.0892314  0.0430974  0.2672120  0.2300105  0.0912758
 31.4159265  4.0741295 -0.3636709 -0.1085745 -0.1805929  0.0552071  0.0352729  0.0336609 -0.1171645
 31.6832961  3.9055794 -0.6060903  0.0437785 -0.0163607  0.7219126  0.2774690 -0.1244117  0.0327260
 31.9506657  4.7741036 -0.6942318  0.0903016 -0.1340622 -0.3416065  0.0757985  0.1032336  0.1019423
 32.2180353  4.2886250 -0.4331128 -0.0539229 -0.1528800  0.1647467 -0.2874218 -0.0371709 -0.0661614
 32.4854049  4.6678154 -0.5937354 -0.2292789 -0.0209744 -0.5895152  0.3348817 -0.0680165  0.0676641
 32.7527745  4.5369133 -0.1201311 -0.0918472 -0.0625423  0.0564869 -0.1357549  0.0513566 -0.1006486
 33.0201441  4.5111411 -0.8625711  0.1015156  0.0369538 -0.2457682  0.2329518  0.0298430 -0.0392803
 33.2875136  4.5396400  0.0779187 -0.1948632  0.1844957 -0.1340102 -0.4324032  0.1185171 -0.1485264
 33.5548832  4.4161122 -0.4416797  0.0036304  0.0759111  0.0557198  0.1007693  0.0451673  0.0507525
 33.8222528  4.2957314 -0.4129590 -0.2885489 -0.2877288 -0.1575125 -0.0752684 -0.0744221 -0.0137016
 34.0896224  3.9131394 -0.1928313 -0.0626568  0.0264850  0.3000489  0.2844445 -0.0944893 -0.0644729
 34.3569920  4.3470761 -0.1848127  0.1315849 -0.0339486  0.3115863 -0.1048206 -0.0631641  0.0516575
 34.6243616  3.9792613 -0.6718414 -0.0708311 -0.2431848  0.3622764  0.2987769  0.0137673  0.1000243
 34.8917312  3.9646603 -0.8723485 -0.0812335  0.0560079  0.3120538  0.5204654 -0.0707346  0.1344961
 35.1591008  4.5917508 -0.5271425 -0.1061941  0.0171382  0.0683838 -0.1123537 -0.0881604  0.1586375
 35.4264703  4.4590539 -0.7564960  0.0403946  0.2131173  0.2501843  0.5208564  0.1674884 -0.1427382
 35.6938399  4.7537820 -0.4309478 -0.1145361  0.0416165 -0.4047279  0.2229833 -0.1598016 -0.1910754
 35.9612095  4.3212271 -0.4053282  0.0074017  0.1462250  0.2395295  0.3189277  0.1177098  0.0427836
 36.2285791  4.4169756 -0.3199766 -0.0145941 -0.0894823 -0.0379692 -0.3067476  0.0710308  0.0119156
 36.4959487  4.5486374 -0.0011425  0.0422850 -0.1023826 -0.1246887 -0.4847458 -0.0255445 -0.0255604
 36.7633183  4.2621347 -0.0254458 -0.0250468 -0.0047566  0.0198050 -0.2653368  0.0575393  0.0324696
 37.0306879  4.7189895 -0.1943287  0.0327069  0.1459315  0.0774362 -0.1126515 -0.2168154  0.0818720
 37.2980575  4.1145113 -0.3536606 -0.1016738 -0.1704176  0.2224155 -0.1796663  0.1224941  0.0494142
 37.5654270  4.5807355 -0.4418262  0.0881733 -0.1595006  0.2715774  0.1051400 -0.1202586 -0.2098653
 37.8327966  3.8610636 -0.2972397  0.1360987  0.0001905  0.8508845 -0.3606251  0.1992164  0.0920146
 38.1001662  4.1871460 -0.5413713 -0.2068798 -0.2116248 -0.0635820  0.2733674  0.1627543  0.0270144
 38.3675358  5.0351366 -0.6606651  0.0984597  0.0122265  0.1659976  0.3869878 -0.3872484  0.1775663
 38.6349054  4.3381468 -0.8620382  0.2081748 -0.0095556  0.1492964  0.6239695  0.4644655  0.0710501
 38.9022750  4.7860158 -0.2326179  0.1119433 -0.1732303 -0.4437975 -0.1934080 -0.0639248  0.0386618
 39.1696446  4.7875614 -0.6128703  0.1461022 -0.1066921  0.0726539 -0.1451329  0.1185364  0.2342317
 39.4370142  4.1206962 -0.5859161  0.0861616 -0.0230546  0.1749059 -0.3815500  0.1586874 -0.1187958
 39.7043837  3.7421999 -0.4373305 -0.5564783 -0.0393599  0.3936180 -0.4057115 -0.0948164  0.0139113
 39.9717533  4.8256689  0.2572192 -0.2052758  0.1011503  0.0353132 -0.1937059 -0.0383527  0.0156997
