#w_matsubara  G1_Re   G1_Im   G2_Re   G2_Im   G3_Re   G3_Im   G4_Re   G4_Im   
 0.1256637  0.3146953 -0.1262905  0.0436491 -0.5654985 -0.2943349 -0.0000945 -0.3748915 -0.2288264
 0.3769911  0.2466471 -0.1714209  0.0071716 -0.4822201 -0.0645957 -0.0001752 -0.2989888 -0.2367468
 0.6283185  0.1988847 -0.1809770 -0.0024536 -0.4019943 -0.0234255 -0.0004813 -0.2506054 -0.2300048
 0.8796459  0.1660420 -0.1807174 -0.0042671 -0.3487763 -0.0109510 -0.0000012 -0.2137878 -0.2224947
 1.1309734  0.1417878 -0.1768904 -0.0025754 -0.3100046 -0.0057052 -0.0003562 -0.1855654 -0.2156572
 1.3823008  0.1247537 -0.1713941 -0.0004376 -0.2814808 -0.0035568  0.0003045 -0.1627686 -0.2092156
 1.6336282  0.1116712 -0.1648243  0.0021438 -0.2589167 -0.0023330 -0.0004502 -0.1431248 -0.2016865
 1.8849556  0.1010996 -0.1605247  0.0044390 -0.2399375 -0.0011446 -0.0001080 -0.1267173 -0.1955049
 2.1362830  0.0935377 -0.1550123  0.0064913 -0.2253993 -0.0007515 -0.0002326 -0.1133050 -0.1898414
 2.3876104  0.0863122 -0.1509840  0.0081102 -0.2125977 -0.0004360 -0.0000951 -0.1008351 -0.1836511
 2.6389378  0.0809319 -0.1458662  0.0095163 -0.2012677 -0.0001773  0.0000137 -0.0906716 -0.1784423
 2.8902652  0.0748852 -0.1421863  0.0105752 -0.1912169 -0.0001678  0.0002364 -0.0819605 -0.1728633
 3.1415927  0.0708170 -0.1387375  0.0116114 -0.1830519 -0.0002573  0.0006279 -0.0732518 -0.1672719
 3.3929201  0.0673013 -0.1349216  0.0121679 -0.1748838 -0.0001598 -0.0003618 -0.0668915 -0.1627799
 3.6442475  0.0638987 -0.1316992  0.0125341 -0.1688875 -0.0001910 -0.0001721 -0.0611097 -0.1578876
 3.8955749  0.0605420 -0.1289558  0.0129377 -0.1628108  0.0000212  0.0007883 -0.0549249 -0.1539984
 4.1469023  0.0575208 -0.1263646  0.0130665 -0.1563197 -0.0001688  0.0003121 -0.0502573 -0.1493255
 4.3982297  0.0549779 -0.1236587  0.0137117 -0.1510678 -0.0001151  0.0002259 -0.0461517 -0.1451660
 4.6495571  0.0524869 -0.1210815  0.0136205 -0.1462161 -0.0000658  0.0005858 -0.0419760 -0.1413725
 4.9008845  0.0499364 -0.1181142  0.0134804 -0.1414252 -0.0001178 -0.0003096 -0.0385708 -0.1379226
 5.1522120  0.0480860 -0.1164125  0.0132080 -0.1368093  0.0001744  0.0000751 -0.0356121 -0.1339594
 5.4035394  0.0458875 -0.1132746  0.0131836 -0.1327716  0.0001826  0.0001662 -0.0328768 -0.1303720
 5.6548668  0.0441974 -0.1109726  0.0126334 -0.1294569  0.0002373  0.0002492 -0.0303758 -0.1270827
 5.9061942  0.0423116 -0.1091266  0.0126112 -0.1261810 -0.0002304 -0.0000977 -0.0286126 -0.1236770
 6.1575216  0.0402726 -0.1074954  0.0131028 -0.1224980 -0.0001605 -0.0001602 -0.0263856 -0.1210226
 6.4088490  0.0387952 -0.1057306  0.0118224 -0.1189417 -0.0002323 -0.0000968 -0.0242088 -0.1184796
 6.6601764  0.0374175 -0.1037249  0.0117253 -0.1158502 -0.0002934  0.0000836 -0.0228663 -0.1158619
 6.9115038  0.0355745 -0.1015460  0.0113660 -0.1135976  0.0002297 -0.0001902 -0.0212142 -0.1125735
 7.1628313  0.0339079 -0.0994118  0.0116601 -0.1106241 -0.0002598  0.0001531 -0.0194306 -0.1100168
 7.4141587  0.0322638 -0.0974561  0.0107692 -0.1073183 -0.0004487  0.0001689 -0.0186413 -0.1070916
 7.6654861  0.0313161 -0.0958905  0.0104957 -0.1051322  0.0002574 -0.0002115 -0.0171631 -0.1045281
 7.9168135  0.0293766 -0.0941636  0.0096881 -0.1026245  0.0003142 -0.0001304 -0.0159457 -0.1025463
 8.1681409  0.0289188 -0.0919740  0.0098999 -0.1003873  0.0004778 -0.0002385 -0.0156029 -0.1004735
 8.4194683  0.0281670 -0.0900554  0.0092184 -0.0984093  0.0002269 -0.0004039 -0.0145367 -0.0980125
 8.6707957  0.0272725 -0.0889455  0.0096189 -0.0964318 -0.0000168  0.0002420 -0.0135695 -0.0964533
 8.9221231  0.0261577 -0.0874284  0.0088765 -0.0941874  0.0000039  0.0000296 -0.0127967 -0.0945273
 9.1734505  0.0254208 -0.0857020  0.0087554 -0.0928964 -0.0001574 -0.0002140 -0.0126487 -0.0931619
 9.4247780  0.0241634 -0.0848646  0.0087454 -0.0904750  0.0002573  0.0005202 -0.0107493 -0.0906044
 9.6761054  0.0227542 -0.0830033  0.0084034 -0.0888856  0.0002582  0.0004203 -0.0107478 -0.0889711
 9.9274328  0.0220814 -0.0813617  0.0084606 -0.0869760 -0.0001595  0.0002517 -0.0099071 -0.0867463
 10.1787602  0.0213208 -0.0800807  0.0077397 -0.0854981 -0.0001460  0.0001682 -0.0092708 -0.0852709
 10.4300876  0.0215795 -0.0792144  0.0074426 -0.0841571  0.0002321  0.0001924 -0.0093277 -0.0839163
 10.6814150  0.0194120 -0.0782082  0.0072134 -0.0823891  0.0004208  0.0000699 -0.0089027 -0.0816963
 10.9327424  0.0191801 -0.0760566  0.0069266 -0.0803462 -0.0003538  0.0000279 -0.0084231 -0.0809660
 11.1840698  0.0190250 -0.0757273  0.0066510 -0.0796954 -0.0005335  0.0000682 -0.0080143 -0.0798758
 11.4353973  0.0179725 -0.0744341  0.0068146 -0.0778635 -0.0001509 -0.0002082 -0.0073619 -0.0777780
 11.6867247  0.0172502 -0.0726390  0.0069259 -0.0762724 -0.0000892  0.0005127 -0.0071128 -0.0766491
 11.9380521  0.0165215 -0.0718453  0.0066212 -0.0745008  0.0001594 -0.0001239 -0.0068451 -0.0752514
 12.1893795  0.0159379 -0.0703147  0.0066775 -0.0736514  0.0003264 -0.0001885 -0.0068207 -0.0739794
 12.4407069  0.0158790 -0.0693768  0.0063702 -0.0724206 -0.0000461  0.0000929 -0.0066854 -0.0730092
 12.6920343  0.0157403 -0.0678912  0.0063102 -0.0716210  0.0002807  0.0002834 -0.0061558 -0.0717268
 12.9433617  0.0147573 -0.0677726  0.0056703 -0.0701114  0.0002909  0.0001027 -0.0055780 -0.0705483
 13.1946891  0.0142233 -0.0665025  0.0052713 -0.0688506  0.0006946  0.0001051 -0.0054040 -0.0690284
 13.4460166  0.0141128 -0.0644688  0.0052694 -0.0681050  0.0001389 -0.0000821 -0.0052209 -0.0678656
 13.6973440  0.0128905 -0.0647220  0.0052323 -0.0669614  0.0000923  0.0000028 -0.0054849 -0.0670854
 13.9486714  0.0134287 -0.0631380  0.0055366 -0.0663913  0.0004071  0.0000304 -0.0043545 -0.0658316
 14.1999988  0.0128644 -0.0627659  0.0050240 -0.0647982  0.0002130  0.0001325 -0.0049113 -0.0645102
 14.4513262  0.0124434 -0.0620094  0.0047443 -0.0637541  0.0004931 -0.0001079 -0.0043476 -0.0639678
 14.7026536  0.0117827 -0.0609753  0.0050758 -0.0631527 -0.0001515  0.0001896 -0.0046011 -0.0630686
 14.9539810  0.0117195 -0.0603623  0.0047134 -0.0619949  0.0000335 -0.0001196 -0.0045665 -0.0618359
 15.2053084  0.0112790 -0.0592214  0.0050768 -0.0613159 -0.0002036 -0.0002951 -0.0042966 -0.0614471
 15.4566359  0.0112555 -0.0585165  0.0043817 -0.0607943 -0.0000457  0.0002280 -0.0044291 -0.0605828
 15.7079633  0.0111680 -0.0581039  0.0043805 -0.0594556  0.0001996 -0.0005458 -0.0041739 -0.0597424
 15.9592907  0.0104548 -0.0566003  0.0039653 -0.0586052  0.0002096  0.0004065 -0.0038007 -0.0589588
 16.2106181  0.0106668 -0.0564001  0.0037362 -0.0581160  0.0002559  0.0002805 -0.0032277 -0.0581717
 16.4619455  0.0100566 -0.0555007  0.0041649 -0.0565254 -0.0002150  0.0000940 -0.0030674 -0.0571635
 16.7132729  0.0095313 -0.0550383  0.0040063 -0.0559922  0.0001898 -0.0003394 -0.0031445 -0.0564374
 16.9646003  0.0099845 -0.0542074  0.0041700 -0.0552770 -0.0000459 -0.0000232 -0.0026057 -0.0552011
 17.2159277  0.0091942 -0.0534930  0.0038069 -0.0548795  0.0001783 -0.0002320 -0.0030364 -0.0546457
 17.4672552  0.0091498 -0.0524669  0.0038514 -0.0538551 -0.0000130 -0.0002471 -0.0025027 -0.0543167
 17.7185826  0.0083926 -0.0520450  0.0038006 -0.0536994 -0.0004048 -0.0003889 -0.0027469 -0.0536373
 17.9699100  0.0086053 -0.0503914  0.0033962 -0.0523744  0.0002270  0.0002957 -0.0023492 -0.0524286
 18.2212374  0.0081650 -0.0504595  0.0030621 -0.0526376  0.0001567 -0.0000625 -0.0026157 -0.0517193
 18.4725648  0.0086154 -0.0502402  0.0026363 -0.0512518  0.0000956 -0.0000086 -0.0027565 -0.0511328
 18.7238922  0.0082495 -0.0500512  0.0035237 -0.0509676  0.0003932  0.0000701 -0.0028629 -0.0506671
 18.9752196  0.0085388 -0.0487626  0.0032336 -0.0501862  0.0000462 -0.0003440 -0.0026877 -0.0504956
 19.2265470  0.0077081 -0.0483567  0.0030424 -0.0491638  0.0000285  0.0003478 -0.0023665 -0.0495558
 19.4778745  0.0080925 -0.0472911  0.0028769 -0.0488196  0.0000268 -0.0001766 -0.0026337 -0.0487455
 19.7292019  0.0076834 -0.0472171  0.0032764 -0.0482718  0.0004977  0.0001435 -0.0023399 -0.0480985
 19.9805293  0.0077245 -0.0478269  0.0030828 -0.0479913  0.0000341  0.0000321 -0.0023370 -0.0478847
 20.2318567  0.0070982 -0.0464563  0.0031428 -0.0472889  0.0000401  0.0000497 -0.0033295 -0.0468300
 20.4831841  0.0070206 -0.0455949  0.0032014 -0.0463252  0.0003853  0.0002951 -0.0021854 -0.0461558
 20.7345115  0.0067224 -0.0451456  0.0028215 -0.0461607  0.0001888  0.0001334 -0.0024173 -0.0460665
 20.9858389  0.0066763 -0.0453188  0.0024502 -0.0457006  0.0003338  0.0001849 -0.0028978 -0.0455803
 21.2371663  0.0068957 -0.0443595  0.0024746 -0.0452690  0.0000242  0.0002611 -0.0023457 -0.0452175
 21.4884938  0.0071128 -0.0446918  0.0028979 -0.0450665  0.0002089 -0.0000298 -0.0020749 -0.0447572
 21.7398212  0.0064264 -0.0442694  0.0026826 -0.0447380  0.0003216 -0.0002709 -0.0018129 -0.0438885
 21.9911486  0.0057824 -0.0430204  0.0026830 -0.0431641 -0.0000781 -0.0000530 -0.0017351 -0.0438160
 22.2424760  0.0060083 -0.0428481  0.0025957 -0.0434461  0.0001164  0.0000628 -0.0024946 -0.0436484
 22.4938034  0.0058758 -0.0419001  0.0019521 -0.0425899 -0.0002353 -0.0001035 -0.0020145 -0.0434064
 22.7451308  0.0063640 -0.0417592  0.0023184 -0.0423375  0.0001499  0.0000995 -0.0014894 -0.0428088
 22.9964582  0.0063076 -0.0414989  0.0020820 -0.0420399  0.0000098 -0.0003377 -0.0014834 -0.0417795
 23.2477856  0.0060187 -0.0416108  0.0018745 -0.0412814  0.0003846  0.0000987 -0.0016633 -0.0416645
 23.4991130  0.0056405 -0.0411181  0.0022657 -0.0412448  0.0000028  0.0002692 -0.0014789 -0.0414339
 23.7504405  0.0052952 -0.0403457  0.0026016 -0.0409208 -0.0000174  0.0000486 -0.0017268 -0.0408799
 24.0017679  0.0051854 -0.0403521  0.0023836 -0.0404807 -0.0000689 -0.0002991 -0.0014225 -0.0407158
 24.2530953  0.0053389 -0.0394011  0.0020216 -0.0398422  0.0004575 -0.0000306 -0.0016850 -0.0401219
 24.5044227  0.0056060 -0.0394621  0.0023072 -0.0389482  0.0001553 -0.0002325 -0.0011433 -0.0395290
 24.7557501  0.0049195 -0.0390718  0.0020782 -0.0391407  0.0003604  0.0003221 -0.0013760 -0.0392184
 25.0070775  0.0049876 -0.0390141  0.0023278 -0.0382887 -0.0000940  0.0001955 -0.0011452 -0.0385109
 25.2584049  0.0043783 -0.0383380  0.0022161 -0.0381956 -0.0000811  0.0000943 -0.0012892 -0.0384917
 25.5097323  0.0040749 -0.0382290  0.0022101 -0.0378773  0.0004542  0.0003488 -0.0016765 -0.0382011
 25.7610598  0.0049727 -0.0372415  0.0023155 -0.0381122 -0.0002164 -0.0000332 -0.0011566 -0.0377286
 26.0123872  0.0048665 -0.0372757  0.0020946 -0.0377609  0.0004431 -0.0004596 -0.0013924 -0.0381301
 26.2637146  0.0036178 -0.0369631  0.0017269 -0.0368301  0.0002416 -0.0004108 -0.0013627 -0.0372238
 26.5150420  0.0041321 -0.0363705  0.0018132 -0.0369335 -0.0001645  0.0001678 -0.0009724 -0.0364011
 26.7663694  0.0045527 -0.0356056  0.0014621 -0.0363116  0.0002907  0.0000394 -0.0008828 -0.0364465
 27.0176968  0.0044652 -0.0359171  0.0015577 -0.0356206  0.0001367 -0.0000633 -0.0017689 -0.0358779
 27.2690242  0.0036854 -0.0349627  0.0015963 -0.0355085 -0.0000015  0.0000162 -0.0006862 -0.0357490
 27.5203516  0.0047775 -0.0359305  0.0017623 -0.0349471  0.0001516  0.0000548 -0.0015441 -0.0355882
 27.7716791  0.0030349 -0.0355601  0.0013558 -0.0356197  0.0000034  0.0005988 -0.0012584 -0.0346415
 28.0230065  0.0035161 -0.0338259  0.0012373 -0.0349573 -0.0000918 -0.0000052 -0.0007484 -0.0345479
 28.2743339  0.0041963 -0.0341201  0.0016798 -0.0343472 -0.0000339  0.0002919 -0.0013996 -0.0342328
 28.5256613  0.0029959 -0.0342989  0.0012426 -0.0337925 -0.0001728  0.0002379 -0.0007968 -0.0342200
 28.7769887  0.0038059 -0.0333231  0.0017862 -0.0341657 -0.0000481  0.0003097 -0.0006729 -0.0335975
 29.0283161  0.0039375 -0.0326214  0.0016121 -0.0329688 -0.0000503 -0.0000422 -0.0012226 -0.0339449
 29.2796435  0.0040824 -0.0326984  0.0017459 -0.0335730  0.0004139 -0.0002714 -0.0016209 -0.0333691
 29.5309709  0.0032741 -0.0328298  0.0019354 -0.0331207  0.0006219 -0.0003238 -0.0007045 -0.0331686
 29.7822984  0.0037034 -0.0329272  0.0013135 -0.0331007  0.0002366  0.0001793 -0.0013423 -0.0329150
 30.0336258  0.0038530 -0.0326938  0.0012370 -0.0327284 -0.0003055 -0.0003749 -0.0004471 -0.0326280
 30.2849532  0.0030622 -0.0324143  0.0012806 -0.0328151 -0.0000858  0.0000091 -0.0004553 -0.0328906
 30.5362806  0.0035307 -0.0322724  0.0018578 -0.0326119 -0.0000357 -0.0003708 -0.0008160 -0.0319320
 30.7876080  0.0032701 -0.0318577  0.0014671 -0.0315877 -0.0002349  0.0001139 -0.0003224 -0.0322946
 31.0389354  0.0031030 -0.0313595  0.0017227 -0.0319497  0.0007298 -0.0001952 -0.0005912 -0.0313340
 31.2902628  0.0023201 -0.0312149  0.0015731 -0.0312375  0.0001611 -0.0000281 -0.0003525 -0.0315575
 31.5415902  0.0029349 -0.0304463  0.0011772 -0.0308126  0.0001394  0.0002009 -0.0000964 -0.0306227
 31.7929177  0.0032548 -0.0306413  0.0012202 -0.0310779  0.0004892 -0.0001296 -0.0010066 -0.0304260
 32.0442451  0.0026909 -0.0299390  0.0012768 -0.0310617  0.0001061  0.0004349 -0.0008302 -0.0303178
 32.2955725  0.0034831 -0.0301272  0.0009499 -0.0301669 -0.0005652  0.0003321 -0.0007435 -0.0301497
 32.5468999  0.0030784 -0.0294142  0.0013585 -0.0305338 -0.0002094  0.0000950 -0.0008404 -0.0298428
 32.7982273  0.0028995 -0.0298252  0.0007598 -0.0301385  0.0003830  0.0000615 -0.0004431 -0.0292226
 33.0495547  0.0034389 -0.0296688  0.0014564 -0.0299459 -0.0002424 -0.0005483 -0.0008267 -0.0292233
 33.3008821  0.0030335 -0.0297039  0.0015496 -0.0302042 -0.0000153  0.0000837 -0.0008766 -0.0289870
 33.5522095  0.0027228 -0.0295457  0.0013014 -0.0294649  0.0001123  0.0001192 -0.0010722 -0.0292139
 33.8035370  0.0027146 -0.0291086  0.0017391 -0.0295424  0.0000222 -0.0001789 -0.0009042 -0.0285974
 34.0548644  0.0025434 -0.0290934  0.0011236 -0.0288782  0.0000531 -0.0001542 -0.0016023 -0.0288101
 34.3061918  0.0026962 -0.0287070  0.0010135 -0.0288628  0.0000408  0.0001631 -0.0002654 -0.0287315
 34.5575192  0.0025567 -0.0285653  0.0011325 -0.0285832 -0.0001415 -0.0004787 -0.0010441 -0.0279967
 34.8088466  0.0024234 -0.0278906  0.0008039 -0.0287868  0.0002511  0.0000234 -0.0009210 -0.0282311
 35.0601740  0.0025296 -0.0283528  0.0007144 -0.0279903 -0.0000056 -0.0002641 -0.0008397 -0.0286311
 35.3115014  0.0025812 -0.0276958  0.0013220 -0.0275784  0.0000719 -0.0000204 -0.0009871 -0.0275372
 35.5628288  0.0026321 -0.0278075  0.0015089 -0.0279025  0.0002396  0.0000938 -0.0010871 -0.0278249
 35.8141563  0.0022937 -0.0274628  0.0011830 -0.0273692  0.0001889  0.0003381 -0.0014201 -0.0277586
 36.0654837  0.0024737 -0.0268393  0.0008017 -0.0270834  0.0001628 -0.0000213 -0.0005401 -0.0278523
 36.3168111  0.0025287 -0.0271644  0.0010515 -0.0271304  0.0001388  0.0000197 -0.0005365 -0.0272313
 36.5681385  0.0018639 -0.0274807  0.0005652 -0.0266708  0.0001799  0.0002711 -0.0007002 -0.0269599
 36.8194659  0.0019721 -0.0262080  0.0012361 -0.0266916  0.0001201 -0.0002493 -0.0006162 -0.0273569
 37.0707933  0.0019817 -0.0264771  0.0014246 -0.0265846  0.0000744 -0.0003276 -0.0005605 -0.0268087
 37.3221207  0.0017129 -0.0262929  0.0011841 -0.0265234 -0.0001393  0.0001897 -0.0008766 -0.0261058
 37.5734481  0.0019289 -0.0259346  0.0008859 -0.0264031  0.0000188 -0.0001314 -0.0008718 -0.0260228
 37.8247755  0.0018381 -0.0260672  0.0007716 -0.0260583 -0.0003018 -0.0001587 -0.0005414 -0.0257200
 38.0761030  0.0024696 -0.0257919  0.0014069 -0.0258557  0.0005662 -0.0000465 -0.0003565 -0.0262335
 38.3274304  0.0025351 -0.0253821  0.0011964 -0.0260233  0.0001240  0.0004394 -0.0006357 -0.0254596
 38.5787578  0.0009110 -0.0251288  0.0013889 -0.0252331  0.0002926  0.0002315 -0.0003102 -0.0253421
 38.8300852  0.0024018 -0.0248983  0.0010626 -0.0254079  0.0003064 -0.0000608 -0.0006051 -0.0254075
 39.0814126  0.0022519 -0.0248637  0.0010795 -0.0248735  0.0001948  0.0001420 -0.0008201 -0.0249361
 39.3327400  0.0018504 -0.0246624  0.0007676 -0.0253388  0.0000214  0.0001586 -0.0002927 -0.0249845
 39.5840674  0.0018832 -0.0252362  0.0006804 -0.0248556  0.0001451  0.0002126 -0.0008103 -0.0246402
 39.8353948  0.0020566 -0.0245884  0.0007541 -0.0246353 -0.0001759  0.0000502 -0.0004829 -0.0240919
 40.0867223  0.0013400 -0.0249482  0.0006223 -0.0238935 -0.0000277 -0.0002381 -0.0012369 -0.0243748
