#w_matsubara  G1_Re   G1_Im   G2_Re   G2_Im   G3_Re   G3_Im   G4_Re   G4_Im   
 0.1365910  0.3163203 -0.1471962  0.0571631 -0.6348378 -0.0040177 -0.0000875 -0.3543316 -0.2473430
 0.4097730  0.2432781 -0.1825880  0.0132731 -0.4790975 -0.0008011 -0.0000444 -0.2874843 -0.2400314
 0.6829549  0.1936620 -0.1883307  0.0010679 -0.3942207 -0.0003362  0.0002478 -0.2391172 -0.2311327
 0.9561369  0.1598820 -0.1865462 -0.0011945 -0.3394250 -0.0002280 -0.0000952 -0.2014869 -0.2225590
 1.2293189  0.1348083 -0.1801497 -0.0000970 -0.3003185 -0.0001981  0.0000257 -0.1732357 -0.2137236
 1.5025008  0.1178939 -0.1729665  0.0016892 -0.2724600 -0.0001349 -0.0000250 -0.1505670 -0.2061199
 1.7756828  0.1052701 -0.1665565  0.0036248 -0.2491738  0.0001343  0.0003998 -0.1320527 -0.1989822
 2.0488648  0.0954447 -0.1610819  0.0063067 -0.2312263 -0.0000877 -0.0001484 -0.1160997 -0.1920704
 2.3220467  0.0869351 -0.1554110  0.0074856 -0.2164157 -0.0002358 -0.0000195 -0.1027702 -0.1853727
 2.5952287  0.0806129 -0.1493214  0.0097346 -0.2044329 -0.0000955  0.0000150 -0.0909117 -0.1791630
 2.8684107  0.0755076 -0.1451495  0.0102601 -0.1933888 -0.0000740  0.0000429 -0.0815472 -0.1731034
 3.1415927  0.0707809 -0.1410416  0.0114286 -0.1839661 -0.0000254  0.0000068 -0.0731378 -0.1677593
 3.4147746  0.0665292 -0.1370581  0.0124952 -0.1748292  0.0000183  0.0001474 -0.0655936 -0.1620841
 3.6879566  0.0621122 -0.1333873  0.0127036 -0.1677900  0.0001032  0.0000407 -0.0592385 -0.1573275
 3.9611386  0.0591080 -0.1301935  0.0128827 -0.1607863  0.0001626 -0.0001265 -0.0537286 -0.1526579
 4.2343205  0.0560094 -0.1272642  0.0125790 -0.1551655  0.0000618 -0.0002238 -0.0482330 -0.1478088
 4.5075025  0.0528238 -0.1239467  0.0131447 -0.1488146  0.0000891  0.0001384 -0.0439966 -0.1434526
 4.7806845  0.0504929 -0.1208972  0.0131042 -0.1435961 -0.0000675  0.0000386 -0.0404472 -0.1393854
 5.0538664  0.0478105 -0.1179672  0.0129275 -0.1391033  0.0000558 -0.0001440 -0.0366834 -0.1352369
 5.3270484  0.0453194 -0.1160373  0.0128419 -0.1342356  0.0000676  0.0001118 -0.0338052 -0.1313230
 5.6002304  0.0433252 -0.1126936  0.0128981 -0.1298982 -0.0001391 -0.0001079 -0.0309522 -0.1277738
 5.8734124  0.0410423 -0.1101674  0.0121372 -0.1270130 -0.0000393  0.0001576 -0.0282860 -0.1242064
 6.1465943  0.0393675 -0.1076009  0.0120576 -0.1232561 -0.0000166 -0.0000315 -0.0265728 -0.1211868
 6.4197763  0.0374690 -0.1052715  0.0120731 -0.1196504 -0.0000417 -0.0000992 -0.0240855 -0.1179251
 6.6929583  0.0360030 -0.1027954  0.0113940 -0.1161349  0.0000474 -0.0002271 -0.0220073 -0.1152156
 6.9661402  0.0343340 -0.1008068  0.0113542 -0.1131863 -0.0000049  0.0001887 -0.0208877 -0.1114301
 7.2393222  0.0334297 -0.0990789  0.0112007 -0.1106463  0.0000291  0.0001386 -0.0191471 -0.1091767
 7.5125042  0.0320133 -0.0971290  0.0102989 -0.1069418 -0.0000329 -0.0000343 -0.0181526 -0.1065739
 7.7856861  0.0301325 -0.0947567  0.0099568 -0.1043850 -0.0000367 -0.0001269 -0.0166749 -0.1040375
 8.0588681  0.0287573 -0.0934452  0.0095756 -0.1019455 -0.0000170  0.0001129 -0.0150860 -0.1014104
 8.3320501  0.0281291 -0.0913833  0.0096098 -0.0995137  0.0000203 -0.0001804 -0.0145128 -0.0989551
 8.6052321  0.0266515 -0.0894638  0.0091597 -0.0962240  0.0000102 -0.0001149 -0.0135923 -0.0966553
 8.8784140  0.0258014 -0.0883391  0.0089274 -0.0952986  0.0000112 -0.0001381 -0.0126920 -0.0944904
 9.1515960  0.0248454 -0.0858332  0.0085151 -0.0929580  0.0002564 -0.0000829 -0.0120407 -0.0921766
 9.4247780  0.0235447 -0.0846060  0.0080018 -0.0911098 -0.0001217  0.0002227 -0.0113848 -0.0901975
 9.6979599  0.0218807 -0.0830944  0.0083460 -0.0884931 -0.0000784  0.0000836 -0.0109901 -0.0883993
 9.9711419  0.0218627 -0.0811719  0.0078455 -0.0866135 -0.0000192  0.0000621 -0.0105731 -0.0861761
 10.2443239  0.0205258 -0.0794847  0.0082213 -0.0848871  0.0002297 -0.0001515 -0.0098665 -0.0854083
 10.5175058  0.0201595 -0.0786207  0.0073672 -0.0839239  0.0001088  0.0000629 -0.0094140 -0.0829590
 10.7906878  0.0190586 -0.0767950  0.0072783 -0.0817555  0.0000877  0.0001551 -0.0091958 -0.0817277
 11.0638698  0.0190018 -0.0760078  0.0071190 -0.0801950 -0.0001426 -0.0001893 -0.0082722 -0.0795430
 11.3370517  0.0175314 -0.0740164  0.0062705 -0.0781435  0.0001145 -0.0001124 -0.0078187 -0.0781581
 11.6102337  0.0176207 -0.0730393  0.0063073 -0.0768737  0.0000519 -0.0001832 -0.0075651 -0.0769721
 11.8834157  0.0165066 -0.0716362  0.0064254 -0.0751287  0.0001394  0.0001139 -0.0070819 -0.0756933
 12.1565977  0.0164399 -0.0707233  0.0059711 -0.0739181 -0.0001226  0.0000597 -0.0067482 -0.0742885
 12.4297796  0.0154689 -0.0695591  0.0062203 -0.0728967 -0.0001332 -0.0000009 -0.0064873 -0.0728074
 12.7029616  0.0148694 -0.0679922  0.0056702 -0.0708767 -0.0000102 -0.0000979 -0.0061941 -0.0715217
 12.9761436  0.0142944 -0.0671606  0.0053398 -0.0698482 -0.0000580 -0.0002501 -0.0057657 -0.0703262
 13.2493255  0.0145733 -0.0659258  0.0054244 -0.0685279  0.0001866  0.0000100 -0.0051808 -0.0690541
 13.5225075  0.0141017 -0.0645971  0.0055558 -0.0680230  0.0000987  0.0002893 -0.0048389 -0.0678508
 13.7956895  0.0143822 -0.0633309  0.0051172 -0.0667380  0.0001574  0.0000913 -0.0048118 -0.0663102
 14.0688714  0.0135827 -0.0625334  0.0055782 -0.0652431 -0.0000953  0.0000232 -0.0054199 -0.0655955
 14.3420534  0.0127598 -0.0619652  0.0048277 -0.0647901  0.0001343 -0.0001673 -0.0048690 -0.0641240
 14.6152354  0.0127217 -0.0609400  0.0049805 -0.0628238  0.0001486 -0.0000252 -0.0051062 -0.0631820
 14.8884174  0.0116947 -0.0603780  0.0042492 -0.0622975  0.0000274 -0.0000672 -0.0045151 -0.0622704
 15.1615993  0.0115798 -0.0594333  0.0046427 -0.0618264 -0.0001706 -0.0000112 -0.0043501 -0.0616823
 15.4347813  0.0106533 -0.0583658  0.0042516 -0.0611477 -0.0001280  0.0001033 -0.0037519 -0.0605516
 15.7079633  0.0109157 -0.0576425  0.0041813 -0.0594356 -0.0002119  0.0000218 -0.0038679 -0.0595293
 15.9811452  0.0112223 -0.0569424  0.0037800 -0.0583732  0.0000932  0.0001369 -0.0036514 -0.0582923
 16.2543272  0.0106145 -0.0554694  0.0040231 -0.0578155 -0.0000757  0.0000887 -0.0039411 -0.0581906
 16.5275092  0.0099973 -0.0547237  0.0034180 -0.0569741 -0.0000080  0.0000336 -0.0037049 -0.0564958
 16.8006911  0.0094960 -0.0541949  0.0037695 -0.0556666  0.0001170  0.0001327 -0.0035994 -0.0559252
 17.0738731  0.0099942 -0.0535600  0.0037396 -0.0551340 -0.0000748  0.0001242 -0.0033088 -0.0556171
 17.3470551  0.0099063 -0.0534004  0.0041146 -0.0544747 -0.0002662 -0.0000291 -0.0031875 -0.0549426
 17.6202371  0.0092785 -0.0525002  0.0037989 -0.0532641 -0.0002036 -0.0000989 -0.0031925 -0.0538577
 17.8934190  0.0088289 -0.0509440  0.0027561 -0.0533217  0.0001627  0.0000911 -0.0030213 -0.0536995
 18.1666010  0.0088192 -0.0511720  0.0034448 -0.0518287  0.0000407  0.0000438 -0.0027191 -0.0527853
 18.4397830  0.0095562 -0.0506683  0.0036830 -0.0515287 -0.0000554  0.0000439 -0.0026242 -0.0516088
 18.7129649  0.0085994 -0.0499705  0.0031818 -0.0505690 -0.0000672 -0.0001626 -0.0025970 -0.0509171
 18.9861469  0.0075566 -0.0488082  0.0031766 -0.0497569 -0.0000923  0.0000291 -0.0024566 -0.0502165
 19.2593289  0.0083760 -0.0485311  0.0028994 -0.0494026  0.0000637 -0.0000727 -0.0026707 -0.0495777
 19.5325108  0.0074892 -0.0483043  0.0033164 -0.0487970 -0.0000745  0.0001462 -0.0026879 -0.0488716
 19.8056928  0.0074034 -0.0474543  0.0028500 -0.0484884 -0.0001890 -0.0000093 -0.0018891 -0.0483668
 20.0788748  0.0071001 -0.0466008  0.0025877 -0.0479469 -0.0001128  0.0000334 -0.0025199 -0.0475979
 20.3520568  0.0068774 -0.0456667  0.0025752 -0.0471327 -0.0000112  0.0000321 -0.0019301 -0.0474898
 20.6252387  0.0075410 -0.0457962  0.0029047 -0.0465471  0.0001262 -0.0000056 -0.0020170 -0.0469287
 20.8984207  0.0071164 -0.0459678  0.0025619 -0.0455817  0.0000727 -0.0002007 -0.0021775 -0.0460508
 21.1716027  0.0066783 -0.0447809  0.0027373 -0.0455319 -0.0001060 -0.0001128 -0.0017655 -0.0453389
 21.4447846  0.0067233 -0.0443159  0.0029262 -0.0442866  0.0000199 -0.0001969 -0.0020264 -0.0451095
 21.7179666  0.0058468 -0.0440236  0.0021818 -0.0445494 -0.0000616 -0.0001178 -0.0018081 -0.0440556
 21.9911486  0.0065271 -0.0430145  0.0021797 -0.0436211 -0.0000811 -0.0000533 -0.0015180 -0.0441505
 22.2643305  0.0056608 -0.0424681  0.0022534 -0.0435716  0.0002626  0.0000150 -0.0016292 -0.0435316
 22.5375125  0.0067054 -0.0422498  0.0027260 -0.0428668 -0.0001683  0.0000900 -0.0017947 -0.0429967
 22.8106945  0.0064524 -0.0421429  0.0021358 -0.0423197 -0.0000292 -0.0001848 -0.0017831 -0.0420220
 23.0838765  0.0061937 -0.0416768  0.0025397 -0.0423232 -0.0001948 -0.0001650 -0.0017580 -0.0418469
 23.3570584  0.0064408 -0.0412745  0.0022289 -0.0418173  0.0001360 -0.0001258 -0.0015818 -0.0418377
 23.6302404  0.0057189 -0.0403018  0.0016847 -0.0408282  0.0000545  0.0001383 -0.0018105 -0.0408507
 23.9034224  0.0054385 -0.0405760  0.0019749 -0.0401001 -0.0000419  0.0000704 -0.0014710 -0.0406997
 24.1766043  0.0051563 -0.0402875  0.0017200 -0.0396233 -0.0001093  0.0001432 -0.0015051 -0.0407671
 24.4497863  0.0046018 -0.0387810  0.0017304 -0.0396917 -0.0000532 -0.0001577 -0.0006877 -0.0399559
 24.7229683  0.0048428 -0.0386986  0.0011259 -0.0390963 -0.0000092  0.0000109 -0.0010030 -0.0393643
 24.9961502  0.0050189 -0.0386401  0.0018402 -0.0391011  0.0001700 -0.0000562 -0.0009935 -0.0388299
 25.2693322  0.0044553 -0.0386799  0.0016272 -0.0381618 -0.0000476  0.0000859 -0.0008961 -0.0385103
 25.5425142  0.0048525 -0.0376866  0.0017818 -0.0379170  0.0000971  0.0000502 -0.0013888 -0.0381969
 25.8156962  0.0039930 -0.0378376  0.0021647 -0.0377951  0.0000027 -0.0001024 -0.0012134 -0.0376715
 26.0888781  0.0046338 -0.0371979  0.0016725 -0.0371034 -0.0000286 -0.0000943 -0.0008748 -0.0370203
 26.3620601  0.0043698 -0.0368950  0.0015252 -0.0368915  0.0003141 -0.0002372 -0.0011872 -0.0369074
 26.6352421  0.0039233 -0.0360431  0.0013143 -0.0365051  0.0001222 -0.0002280 -0.0015316 -0.0359730
 26.9084240  0.0039430 -0.0351303  0.0018593 -0.0365415  0.0002025 -0.0001509 -0.0011451 -0.0359206
 27.1816060  0.0041638 -0.0356150  0.0016017 -0.0357452 -0.0002304 -0.0000851 -0.0010443 -0.0359629
 27.4547880  0.0040270 -0.0346771  0.0018839 -0.0358316  0.0000438 -0.0000355 -0.0010310 -0.0355666
 27.7279699  0.0041344 -0.0347766  0.0012601 -0.0346131 -0.0000034 -0.0000488 -0.0014278 -0.0350788
 28.0011519  0.0041269 -0.0347928  0.0015568 -0.0351158  0.0000189  0.0001065 -0.0010979 -0.0351114
 28.2743339  0.0036596 -0.0340996  0.0012875 -0.0341406 -0.0001362  0.0000186 -0.0010527 -0.0343790
 28.5475159  0.0041694 -0.0341022  0.0010785 -0.0341761  0.0000058  0.0000656 -0.0010150 -0.0340965
 28.8206978  0.0040937 -0.0338411  0.0010553 -0.0337581  0.0001271 -0.0001572 -0.0011264 -0.0335465
 29.0938798  0.0039191 -0.0337780  0.0016643 -0.0338396 -0.0000928  0.0001244 -0.0013061 -0.0331557
 29.3670618  0.0028544 -0.0335468  0.0010486 -0.0338352 -0.0001187 -0.0000269 -0.0008656 -0.0331237
 29.6402437  0.0034911 -0.0322418  0.0016360 -0.0329854 -0.0000235 -0.0000032 -0.0013168 -0.0325821
 29.9134257  0.0033727 -0.0328961  0.0012320 -0.0326834 -0.0000082  0.0001514 -0.0010701 -0.0324521
 30.1866077  0.0033909 -0.0317239  0.0014476 -0.0327903  0.0000545  0.0001392 -0.0011742 -0.0322083
 30.4597896  0.0029311 -0.0322234  0.0014729 -0.0324967  0.0000360  0.0000159 -0.0011864 -0.0319737
 30.7329716  0.0034014 -0.0314610  0.0010968 -0.0316692  0.0000542 -0.0002380 -0.0014816 -0.0315711
 31.0061536  0.0034312 -0.0315651  0.0012696 -0.0317126  0.0001435 -0.0002028 -0.0011018 -0.0319216
 31.2793356  0.0031226 -0.0314477  0.0015549 -0.0310255 -0.0000475  0.0000416 -0.0007347 -0.0316292
 31.5525175  0.0028884 -0.0312194  0.0007577 -0.0316030  0.0000095 -0.0000101 -0.0008072 -0.0312243
 31.8256995  0.0031481 -0.0307768  0.0017780 -0.0312254 -0.0000892 -0.0000837 -0.0009614 -0.0308671
 32.0988815  0.0030895 -0.0305391  0.0007518 -0.0304859  0.0001362 -0.0000315 -0.0008169 -0.0305924
 32.3720634  0.0031869 -0.0302424  0.0010885 -0.0305905  0.0001935  0.0000117 -0.0005782 -0.0304226
 32.6452454  0.0027417 -0.0300486  0.0010445 -0.0302780  0.0001090  0.0001859 -0.0008115 -0.0300553
 32.9184274  0.0032316 -0.0296809  0.0012389 -0.0297816 -0.0000144 -0.0000603 -0.0007272 -0.0296919
 33.1916093  0.0022634 -0.0293151  0.0014655 -0.0291786 -0.0001577 -0.0000136 -0.0007662 -0.0291831
 33.4647913  0.0019780 -0.0292562  0.0005085 -0.0297910 -0.0001831  0.0001024 -0.0012745 -0.0294937
 33.7379733  0.0027611 -0.0287840  0.0011232 -0.0284484  0.0000450  0.0001452 -0.0009550 -0.0289425
 34.0111552  0.0027153 -0.0286325  0.0010960 -0.0286311 -0.0002148  0.0001794 -0.0004267 -0.0286319
 34.2843372  0.0021722 -0.0284068  0.0015271 -0.0283487  0.0001898  0.0000834 -0.0003167 -0.0287548
 34.5575192  0.0022151 -0.0282826  0.0013976 -0.0283106 -0.0001043  0.0002258 -0.0008401 -0.0279696
 34.8307012  0.0022836 -0.0287415  0.0006500 -0.0284409  0.0000945 -0.0001287 -0.0016043 -0.0282025
 35.1038831  0.0023566 -0.0275939  0.0010274 -0.0281109  0.0000648 -0.0000814 -0.0006875 -0.0289066
 35.3770651  0.0021460 -0.0280622  0.0002895 -0.0275248 -0.0000925 -0.0000959 -0.0010566 -0.0281815
 35.6502471  0.0022080 -0.0277211  0.0011816 -0.0265914 -0.0001542  0.0000946 -0.0009214 -0.0275816
 35.9234290  0.0030458 -0.0271278  0.0008784 -0.0279926 -0.0000673 -0.0000482 -0.0009248 -0.0275691
 36.1966110  0.0023000 -0.0272788  0.0005319 -0.0274257 -0.0001076  0.0000926 -0.0010281 -0.0273334
 36.4697930  0.0020371 -0.0271456  0.0011214 -0.0271302  0.0001821  0.0000861 -0.0008933 -0.0274784
 36.7429749  0.0018298 -0.0261967  0.0006565 -0.0261229  0.0000180  0.0001213 -0.0004169 -0.0269440
 37.0161569  0.0021479 -0.0263727  0.0007185 -0.0265498 -0.0000092 -0.0001346 -0.0009226 -0.0266583
 37.2893389  0.0020052 -0.0253664  0.0011412 -0.0260795 -0.0001775 -0.0001131 -0.0009226 -0.0266240
 37.5625209  0.0026864 -0.0263185  0.0009034 -0.0263351  0.0002047 -0.0000894 -0.0009954 -0.0271975
 37.8357028  0.0026747 -0.0262681  0.0007292 -0.0260100  0.0002315  0.0001112 -0.0003904 -0.0262953
 38.1088848  0.0024989 -0.0263391  0.0010455 -0.0257599 -0.0002498  0.0000741 -0.0004642 -0.0259044
 38.3820668  0.0022177 -0.0258672  0.0003800 -0.0254792 -0.0001029 -0.0001884 -0.0002631 -0.0268621
 38.6552487  0.0022354 -0.0259723  0.0007907 -0.0259353  0.0000815 -0.0002452 -0.0001589 -0.0252669
 38.9284307  0.0021751 -0.0248867  0.0007283 -0.0250224  0.0000846 -0.0000349 -0.0006012 -0.0253046
 39.2016127  0.0018592 -0.0250367  0.0008390 -0.0251516 -0.0000534 -0.0001385 -0.0000238 -0.0254511
 39.4747946  0.0020795 -0.0248423  0.0002590 -0.0251847 -0.0000261 -0.0000836 -0.0003371 -0.0250684
 39.7479766  0.0022309 -0.0246951  0.0012750 -0.0247377 -0.0000771 -0.0001587 -0.0001495 -0.0251224
 40.0211586  0.0018623 -0.0247584  0.0009468 -0.0247586  0.0001529  0.0000400 -0.0000208 -0.0245196
