#w_matsubara  g11_Re     g11_Im     g12_Re     g12_Im     g13_Re     g13_Im     g12_nambu_Re     g12_nambu_Im     
 0.1365910  0.0176404 -0.4095850  0.1677597  0.0249731 -0.0381063  0.2156777 -0.0532199 -0.0001451
 0.4097730 -0.0054002 -0.3442488  0.1329632  0.0145599 -0.0175561  0.1345483 -0.0102472  0.0000256
 0.6829549 -0.0110625 -0.3017057  0.1079255  0.0107678 -0.0119924  0.0923611 -0.0036410  0.0000038
 0.9561369 -0.0118063 -0.2710580  0.0903151  0.0092626 -0.0101072  0.0676000 -0.0016459 -0.0000008
 1.2293189 -0.0097862 -0.2483728  0.0773132  0.0087827 -0.0094959  0.0520971 -0.0009130 -0.0000523
 1.5025008 -0.0074214 -0.2303405  0.0672041  0.0084781 -0.0087389  0.0409929 -0.0004813 -0.0001042
 1.7756828 -0.0047265 -0.2160239  0.0591732  0.0080753 -0.0082451  0.0338465 -0.0003863  0.0000304
 2.0488648 -0.0022651 -0.2032511  0.0527450  0.0079708 -0.0081357  0.0279274 -0.0001960 -0.0001040
 2.3220467  0.0000931 -0.1930474  0.0474946  0.0077376 -0.0076523  0.0232816 -0.0000839  0.0000316
 2.5952287  0.0022836 -0.1839333  0.0429021  0.0072987 -0.0074437  0.0199020 -0.0002959 -0.0000522
 2.8684107  0.0036376 -0.1761485  0.0391517  0.0070262 -0.0069088  0.0171111 -0.0001733  0.0000067
 3.1415927  0.0044376 -0.1690561  0.0357890  0.0067209 -0.0062615  0.0147033  0.0000114  0.0001131
 3.4147746  0.0062847 -0.1622478  0.0327268  0.0064250 -0.0056761  0.0127726  0.0000538  0.0000346
 3.6879566  0.0070954 -0.1561597  0.0305146  0.0062561 -0.0054443  0.0114177 -0.0000501 -0.0000373
 3.9611386  0.0081176 -0.1509252  0.0282100  0.0057658 -0.0047875  0.0100237  0.0000609 -0.0000475
 4.2343205  0.0083719 -0.1460210  0.0261445  0.0052614 -0.0045608  0.0088647 -0.0000179  0.0000225
 4.5075025  0.0088517 -0.1413405  0.0242254  0.0050095 -0.0040967  0.0078006 -0.0000612  0.0001624
 4.7806845  0.0092918 -0.1368833  0.0225511  0.0047647 -0.0038582  0.0069137  0.0000176 -0.0001463
 5.0538664  0.0095425 -0.1330020  0.0212347  0.0042504 -0.0032223  0.0065228 -0.0001427  0.0000769
 5.3270484  0.0096331 -0.1289541  0.0197146  0.0039407 -0.0031126  0.0056980  0.0000856  0.0001331
 5.6002304  0.0093557 -0.1253479  0.0186603  0.0038842 -0.0029501  0.0052986  0.0000603  0.0000783
 5.8734124  0.0095060 -0.1215457  0.0175170  0.0033854 -0.0030061  0.0043866 -0.0000009 -0.0000655
 6.1465943  0.0094180 -0.1184614  0.0164751  0.0032822 -0.0025565  0.0040235  0.0000916 -0.0000279
 6.4197763  0.0093989 -0.1158424  0.0155484  0.0029323 -0.0025327  0.0040608  0.0000182  0.0000575
 6.6929583  0.0089946 -0.1127368  0.0145667  0.0028544 -0.0021425  0.0037738  0.0001599  0.0000684
 6.9661402  0.0090721 -0.1098177  0.0138239  0.0027885 -0.0020982  0.0034006 -0.0000702  0.0000286
 7.2393222  0.0091362 -0.1070781  0.0129963  0.0025414 -0.0018375  0.0028036 -0.0000796 -0.0000427
 7.5125042  0.0090393 -0.1046377  0.0121851  0.0023986 -0.0021149  0.0027869 -0.0001462  0.0000178
 7.7856861  0.0088038 -0.1018493  0.0118723  0.0022882 -0.0016168  0.0025765  0.0000197 -0.0001732
 8.0588681  0.0084941 -0.0994523  0.0110819  0.0020295 -0.0019459  0.0023247 -0.0001886 -0.0001230
 8.3320501  0.0083115 -0.0971691  0.0106288  0.0019369 -0.0012353  0.0023634  0.0000248  0.0000193
 8.6052321  0.0078558 -0.0950139  0.0101090  0.0018342 -0.0011665  0.0023658 -0.0000250  0.0000278
 8.8784140  0.0076640 -0.0928107  0.0095752  0.0016856 -0.0015080  0.0017988  0.0000170 -0.0000940
 9.1515960  0.0075596 -0.0911409  0.0091325  0.0015238 -0.0013681  0.0018091 -0.0000937 -0.0000279
 9.4247780  0.0073538 -0.0889656  0.0088067  0.0013687 -0.0012547  0.0014743  0.0001544  0.0001643
 9.6979599  0.0072607 -0.0873883  0.0084290  0.0013804 -0.0013810  0.0013588  0.0002042  0.0001047
 9.9711419  0.0072333 -0.0857094  0.0078056  0.0011774 -0.0012884  0.0013352  0.0000116 -0.0000594
 10.2443239  0.0067695 -0.0835859  0.0075514  0.0012501 -0.0010623  0.0015310 -0.0001043  0.0000593
 10.5175058  0.0068716 -0.0819063  0.0073246  0.0011023 -0.0015315  0.0012561 -0.0000210  0.0000382
 10.7906878  0.0064534 -0.0802916  0.0070979  0.0009834 -0.0008818  0.0007996  0.0001144 -0.0000118
 11.0638698  0.0060200 -0.0785221  0.0066705  0.0009856 -0.0009394  0.0007009  0.0000512 -0.0000544
 11.3370517  0.0060567 -0.0770902  0.0064509  0.0009859 -0.0009587  0.0009206 -0.0000679 -0.0000054
 11.6102337  0.0062612 -0.0762296  0.0061714  0.0008155 -0.0009749  0.0009178  0.0000820  0.0000496
 11.8834157  0.0056147 -0.0746853  0.0058770  0.0008359 -0.0010185  0.0005813  0.0001422 -0.0000461
 12.1565977  0.0057326 -0.0730306  0.0055113  0.0006827 -0.0008478  0.0008640  0.0000322 -0.0001149
 12.4297796  0.0056428 -0.0718329  0.0054155  0.0008276 -0.0009175  0.0008481 -0.0000145  0.0000622
 12.7029616  0.0053146 -0.0703472  0.0052795  0.0005205 -0.0008312  0.0005777  0.0000828  0.0000340
 12.9761436  0.0049754 -0.0695157  0.0049878  0.0006247 -0.0006652  0.0006187  0.0000079  0.0001725
 13.2493255  0.0048622 -0.0680147  0.0046689  0.0005874 -0.0009938  0.0004122 -0.0001171  0.0000512
 13.5225075  0.0047754 -0.0666705  0.0046583  0.0004231 -0.0007187  0.0006696 -0.0001272  0.0000278
 13.7956895  0.0045059 -0.0658129  0.0045177  0.0005830 -0.0004183  0.0006623 -0.0000828  0.0000166
 14.0688714  0.0044060 -0.0649003  0.0042859  0.0004650 -0.0006142  0.0007632  0.0000508  0.0000939
 14.3420534  0.0048233 -0.0637366  0.0044867  0.0005821 -0.0008143  0.0004894  0.0000301 -0.0000925
 14.6152354  0.0042027 -0.0629381  0.0041456  0.0004851 -0.0007346  0.0005557 -0.0000742  0.0000561
 14.8884174  0.0041340 -0.0615886  0.0037738  0.0006381 -0.0007429  0.0006558 -0.0000305 -0.0001090
 15.1615993  0.0041135 -0.0606646  0.0040497  0.0004085 -0.0004039  0.0006125 -0.0000366  0.0000361
 15.4347813  0.0039892 -0.0596770  0.0038540  0.0005024 -0.0008496  0.0003615 -0.0000176 -0.0000739
 15.7079633  0.0038331 -0.0590100  0.0036002  0.0003277 -0.0003014  0.0003792 -0.0000741 -0.0000629
 15.9811452  0.0039983 -0.0582880  0.0034522  0.0003156 -0.0004792  0.0003903  0.0000791 -0.0000766
 16.2543272  0.0035951 -0.0573567  0.0034522  0.0003944 -0.0001545  0.0006107 -0.0000388 -0.0000065
 16.5275092  0.0034650 -0.0563286  0.0033405  0.0001995 -0.0004296  0.0002688 -0.0000884 -0.0000274
 16.8006911  0.0034674 -0.0558053  0.0030685  0.0002046 -0.0004375  0.0002664 -0.0001127 -0.0000513
 17.0738731  0.0034995 -0.0547676  0.0029769  0.0003447 -0.0006015  0.0003414 -0.0000482  0.0000266
 17.3470551  0.0031976 -0.0539354  0.0031432  0.0001814 -0.0002936  0.0002765 -0.0000204  0.0000024
 17.6202371  0.0031206 -0.0532745  0.0028591  0.0004162 -0.0006921  0.0004563 -0.0000841  0.0000037
 17.8934190  0.0033607 -0.0526985  0.0030532  0.0005361 -0.0005061  0.0001560  0.0000019  0.0000553
 18.1666010  0.0030936 -0.0517437  0.0029462  0.0004902 -0.0003537  0.0002757  0.0000085 -0.0001002
 18.4397830  0.0031278 -0.0512731  0.0029142  0.0003453 -0.0001890  0.0004221 -0.0000004  0.0001010
 18.7129649  0.0030071 -0.0503985  0.0025981  0.0002527 -0.0003067 -0.0000793  0.0000444  0.0001036
 18.9861469  0.0027675 -0.0499049  0.0025493  0.0001917 -0.0002014  0.0001376 -0.0000851 -0.0000258
 19.2593289  0.0028802 -0.0493927  0.0025117  0.0001165 -0.0001778  0.0001225 -0.0000080 -0.0000031
 19.5325108  0.0029037 -0.0491178  0.0024230  0.0002923 -0.0001607  0.0005496 -0.0000332 -0.0000113
 19.8056928  0.0026087 -0.0480428  0.0023409  0.0002190 -0.0001242  0.0000483 -0.0001792 -0.0000659
 20.0788748  0.0025629 -0.0472367  0.0021963  0.0002636 -0.0003265 -0.0000162 -0.0001778  0.0000260
 20.3520568  0.0028151 -0.0473280  0.0022715  0.0002984 -0.0005707  0.0004312  0.0000119  0.0001791
 20.6252387  0.0024100 -0.0467468  0.0021457  0.0002520 -0.0004592  0.0004947  0.0001686  0.0000370
 20.8984207  0.0023312 -0.0457825  0.0022806  0.0004130 -0.0000294 -0.0000004  0.0000750  0.0000944
 21.1716027  0.0023234 -0.0448580  0.0019378  0.0003474 -0.0002029  0.0000780  0.0000807 -0.0001639
 21.4447846  0.0024191 -0.0446986  0.0020259  0.0002968 -0.0000784  0.0001476 -0.0000520 -0.0000402
 21.7179666  0.0028311 -0.0443754  0.0021385  0.0002351 -0.0003496 -0.0001567  0.0001824  0.0000798
 21.9911486  0.0025620 -0.0435147  0.0020396  0.0001617 -0.0000524 -0.0000506  0.0000260 -0.0001399
 22.2643305  0.0022854 -0.0431831  0.0017999  0.0001160 -0.0001393  0.0000121 -0.0001297 -0.0000194
 22.5375125  0.0020867 -0.0427901  0.0016232  0.0001970 -0.0002816  0.0000051 -0.0000474  0.0000246
 22.8106945  0.0024632 -0.0420712  0.0016928  0.0001764 -0.0003502  0.0001327  0.0000633  0.0001529
 23.0838765  0.0023113 -0.0416978  0.0016982  0.0002045 -0.0001671  0.0000116 -0.0000650  0.0000536
 23.3570584  0.0021872 -0.0415091  0.0015533 -0.0000406 -0.0000528  0.0002817  0.0001356  0.0000417
 23.6302404  0.0021045 -0.0404631  0.0014514  0.0000166 -0.0001501  0.0004109  0.0000990 -0.0001813
 23.9034224  0.0018913 -0.0400539  0.0016368  0.0000107  0.0000849  0.0000222  0.0000511  0.0000849
 24.1766043  0.0020740 -0.0401186  0.0016495  0.0000844 -0.0005786 -0.0000381 -0.0001348 -0.0000192
 24.4497863  0.0016969 -0.0393771  0.0013510 -0.0000464 -0.0003132  0.0001181  0.0000210 -0.0000797
 24.7229683  0.0018829 -0.0390974  0.0014510  0.0002883 -0.0003177  0.0002326  0.0000426 -0.0000052
 24.9961502  0.0015470 -0.0387698  0.0013738 -0.0000547  0.0000340 -0.0000047  0.0000125  0.0000060
 25.2693322  0.0016494 -0.0378987  0.0015681  0.0001873  0.0000113 -0.0001123  0.0000205 -0.0000601
 25.5425142  0.0016518 -0.0380179  0.0012841 -0.0000775 -0.0005020 -0.0000798 -0.0000276  0.0000890
 25.8156962  0.0015040 -0.0376823  0.0012008  0.0001421  0.0001065 -0.0001971  0.0000032  0.0000671
 26.0888781  0.0013596 -0.0371631  0.0011497  0.0001886  0.0000801  0.0001875 -0.0000780  0.0000237
 26.3620601  0.0017362 -0.0367948  0.0011435  0.0000264 -0.0003273  0.0004434 -0.0000293 -0.0000469
 26.6352421  0.0016448 -0.0363386  0.0011307  0.0001165 -0.0001432  0.0005867  0.0000174 -0.0000897
 26.9084240  0.0015821 -0.0361269  0.0013326  0.0001764 -0.0003686  0.0003058  0.0000607 -0.0000032
 27.1816060  0.0013336 -0.0354656  0.0011525  0.0000289 -0.0001789  0.0000382 -0.0000545 -0.0000433
 27.4547880  0.0016519 -0.0354226  0.0013441  0.0002928 -0.0001560  0.0000345  0.0000992  0.0000023
 27.7279699  0.0015610 -0.0348255  0.0013224 -0.0001106 -0.0004008  0.0001552  0.0000231  0.0000172
 28.0011519  0.0014450 -0.0350484  0.0013263  0.0000070 -0.0001965  0.0002130  0.0000317  0.0000565
 28.2743339  0.0014404 -0.0346219  0.0009662  0.0000021 -0.0001699  0.0004378 -0.0000152  0.0000291
 28.5475159  0.0012453 -0.0341349  0.0010427  0.0000951  0.0000940  0.0002100 -0.0000147  0.0001195
 28.8206978  0.0011011 -0.0337669  0.0012038  0.0001150 -0.0004189  0.0001638  0.0000973 -0.0001462
 29.0938798  0.0011559 -0.0333534  0.0010216  0.0002157 -0.0002124  0.0000327  0.0001045  0.0000239
 29.3670618  0.0015449 -0.0330691  0.0010087  0.0001415 -0.0001614 -0.0001584  0.0001561  0.0000375
 29.6402437  0.0012746 -0.0329942  0.0010471  0.0000484  0.0000092  0.0000905 -0.0000324 -0.0000125
 29.9134257  0.0012090 -0.0326946  0.0014155 -0.0000416 -0.0001156  0.0001494  0.0000075  0.0000856
 30.1866077  0.0015239 -0.0323335  0.0008378  0.0000038 -0.0003029  0.0000267  0.0000015 -0.0000015
 30.4597896  0.0012273 -0.0321972  0.0008611  0.0000397 -0.0001092  0.0001192  0.0000592 -0.0001466
 30.7329716  0.0010108 -0.0316894  0.0009991  0.0001671 -0.0000674  0.0000030  0.0000412 -0.0000503
 31.0061536  0.0013922 -0.0316158  0.0011400 -0.0000310 -0.0000004  0.0002553 -0.0000359 -0.0000176
 31.2793356  0.0013002 -0.0312795  0.0010885  0.0001853 -0.0000077  0.0000520 -0.0000362  0.0000171
 31.5525175  0.0009981 -0.0309563  0.0010950 -0.0000499 -0.0002826 -0.0000694 -0.0001122 -0.0001804
 31.8256995  0.0007552 -0.0306193  0.0009262  0.0000365  0.0000839 -0.0001086 -0.0000528  0.0000199
 32.0988815  0.0011276 -0.0303192  0.0009224  0.0000825 -0.0002198  0.0001237 -0.0001206  0.0000704
 32.3720634  0.0009246 -0.0302987  0.0009785 -0.0000065 -0.0002873  0.0000004 -0.0001604 -0.0000956
 32.6452454  0.0010072 -0.0300707  0.0008557  0.0000217  0.0000242  0.0003355 -0.0000051  0.0000838
 32.9184274  0.0007773 -0.0300597  0.0008681  0.0001297 -0.0002338  0.0001757 -0.0000154 -0.0000731
 33.1916093  0.0006556 -0.0295563  0.0008168  0.0001182 -0.0000546  0.0000709  0.0001124  0.0000527
 33.4647913  0.0008566 -0.0292271  0.0007135  0.0000137  0.0001256 -0.0000059 -0.0001062  0.0000205
 33.7379733  0.0009133 -0.0288150  0.0007147  0.0002678 -0.0002988  0.0003540  0.0001930  0.0000170
 34.0111552  0.0009443 -0.0285640  0.0009421  0.0002591 -0.0000736  0.0000879  0.0000834  0.0000653
 34.2843372  0.0005853 -0.0285966  0.0009525  0.0000372  0.0003064 -0.0000067 -0.0000777  0.0000337
 34.5575192  0.0008397 -0.0285826  0.0007096  0.0000568  0.0002173 -0.0003224  0.0001720  0.0000502
 34.8307012  0.0006721 -0.0282026  0.0006262  0.0002661 -0.0000756 -0.0000259 -0.0001383  0.0000616
 35.1038831  0.0009080 -0.0279994  0.0006797  0.0001911  0.0000986 -0.0001154 -0.0000539 -0.0000237
 35.3770651  0.0010234 -0.0283517  0.0006659  0.0000226 -0.0001700  0.0002354 -0.0000315 -0.0001808
 35.6502471  0.0006736 -0.0277397  0.0005060 -0.0000631 -0.0000683  0.0003235  0.0002227  0.0000324
 35.9234290  0.0007965 -0.0274971  0.0006856  0.0002393 -0.0003672  0.0003455  0.0000432 -0.0000979
 36.1966110  0.0009500 -0.0269054  0.0008045  0.0001338  0.0000096  0.0001464  0.0000838  0.0000720
 36.4697930  0.0010182 -0.0269489  0.0008127  0.0000874 -0.0000289  0.0000227 -0.0000381 -0.0001370
 36.7429749  0.0009938 -0.0269076  0.0006083 -0.0001024 -0.0003410  0.0002244 -0.0000596  0.0000032
 37.0161569  0.0010522 -0.0265018  0.0007670  0.0001251 -0.0002863 -0.0000337 -0.0001088  0.0000288
 37.2893389  0.0006265 -0.0261575  0.0007227  0.0000935  0.0001062 -0.0000187 -0.0000478 -0.0000093
 37.5625209  0.0008683 -0.0264436  0.0006325  0.0001681 -0.0002448  0.0003692  0.0000419  0.0000695
 37.8357028  0.0013664 -0.0260203  0.0007756  0.0002189 -0.0000174  0.0000709  0.0000170 -0.0000479
 38.1088848  0.0012659 -0.0258332  0.0005623  0.0000930 -0.0002240  0.0000546  0.0001803  0.0000316
 38.3820668  0.0009561 -0.0257001  0.0005168  0.0001284 -0.0001389  0.0000107 -0.0000574  0.0000085
 38.6552487  0.0005855 -0.0251721  0.0006484 -0.0001219  0.0001270  0.0001008  0.0000486  0.0000290
 38.9284307  0.0008118 -0.0250174  0.0007362 -0.0000487  0.0003315 -0.0001771 -0.0001370  0.0001114
 39.2016127  0.0004405 -0.0251318  0.0007241  0.0002390  0.0002390  0.0000149  0.0000137 -0.0000791
 39.4747946  0.0009151 -0.0250158  0.0007367 -0.0001925  0.0001134  0.0000531 -0.0001091  0.0000731
 39.7479766  0.0006895 -0.0249410  0.0004380  0.0000388  0.0001203  0.0003397  0.0000352  0.0001166
 40.0211586  0.0006773 -0.0245324  0.0005182 -0.0000954 -0.0000013  0.0000761  0.0000435  0.0001182
