#w_matsubara  g11_Re     g11_Im     g12_Re     g12_Im     g13_Re     g13_Im     g12_nambu_Re     g12_nambu_Im     
 0.1365910  0.0186104 -0.4146597  0.1678854  0.0247598 -0.0379983  0.2177387 -0.0332173 -0.0001262
 0.4097730 -0.0051296 -0.3443908  0.1325416  0.0144239 -0.0176030  0.1341457 -0.0063297 -0.0001329
 0.6829549 -0.0110970 -0.3016343  0.1078882  0.0105046 -0.0119942  0.0923314 -0.0024245 -0.0000300
 0.9561369 -0.0114534 -0.2715372  0.0903521  0.0089720 -0.0098248  0.0674706 -0.0009588  0.0000817
 1.2293189 -0.0097163 -0.2486401  0.0769385  0.0085169 -0.0094458  0.0517415 -0.0006068 -0.0000054
 1.5025008 -0.0074683 -0.2307139  0.0671888  0.0081497 -0.0090386  0.0412779 -0.0002823  0.0000480
 1.7756828 -0.0047455 -0.2158995  0.0591431  0.0081610 -0.0084071  0.0333335 -0.0001819 -0.0000103
 2.0488648 -0.0022417 -0.2034142  0.0527120  0.0077845 -0.0083141  0.0276369 -0.0001321 -0.0000853
 2.3220467  0.0003035 -0.1932208  0.0476280  0.0076492 -0.0077964  0.0233075 -0.0000018 -0.0000440
 2.5952287  0.0024494 -0.1844086  0.0429914  0.0074248 -0.0074977  0.0196138 -0.0000092 -0.0001401
 2.8684107  0.0036070 -0.1759942  0.0391252  0.0069030 -0.0068567  0.0166886 -0.0000513  0.0000630
 3.1415927  0.0050959 -0.1689817  0.0355891  0.0070115 -0.0064683  0.0148841 -0.0001675  0.0000981
 3.4147746  0.0063985 -0.1625003  0.0329601  0.0062983 -0.0059954  0.0128327  0.0000326 -0.0000722
 3.6879566  0.0073486 -0.1563347  0.0306680  0.0059264 -0.0052798  0.0112912 -0.0001607 -0.0000385
 3.9611386  0.0080148 -0.1510158  0.0280344  0.0056435 -0.0051245  0.0100800 -0.0000463 -0.0000678
 4.2343205  0.0083556 -0.1459486  0.0262686  0.0054149 -0.0047954  0.0089865 -0.0001650  0.0000119
 4.5075025  0.0088653 -0.1413467  0.0244921  0.0051246 -0.0042906  0.0081865 -0.0000739  0.0000071
 4.7806845  0.0091174 -0.1372263  0.0228817  0.0047180 -0.0035743  0.0070320  0.0001210  0.0000251
 5.0538664  0.0094244 -0.1327365  0.0211987  0.0043009 -0.0038368  0.0062063  0.0000224 -0.0000191
 5.3270484  0.0094503 -0.1289484  0.0199627  0.0040050 -0.0031247  0.0059948  0.0001673  0.0000246
 5.6002304  0.0095129 -0.1250841  0.0185617  0.0039348 -0.0029479  0.0050381  0.0000608  0.0000547
 5.8734124  0.0092590 -0.1219107  0.0175881  0.0033706 -0.0025191  0.0046113  0.0000206 -0.0000382
 6.1465943  0.0096727 -0.1187732  0.0165630  0.0034092 -0.0026865  0.0044272 -0.0001235 -0.0000310
 6.4197763  0.0090974 -0.1153902  0.0153646  0.0031212 -0.0023686  0.0037441 -0.0000459 -0.0001442
 6.6929583  0.0095077 -0.1127679  0.0147240  0.0028398 -0.0022383  0.0034210  0.0000227 -0.0000136
 6.9661402  0.0092921 -0.1094896  0.0139120  0.0028999 -0.0019545  0.0033005  0.0000528  0.0000294
 7.2393222  0.0085572 -0.1068860  0.0129597  0.0025029 -0.0018582  0.0029755 -0.0000391 -0.0000503
 7.5125042  0.0089268 -0.1045042  0.0124915  0.0022139 -0.0014754  0.0027951  0.0001278  0.0000510
 7.7856861  0.0088350 -0.1022012  0.0118296  0.0021748 -0.0019556  0.0026713 -0.0000302 -0.0000487
 8.0588681  0.0084110 -0.0998992  0.0112663  0.0021092 -0.0016214  0.0022574  0.0001049  0.0000246
 8.3320501  0.0083184 -0.0974490  0.0108256  0.0019682 -0.0014459  0.0021495  0.0000108  0.0000221
 8.6052321  0.0077228 -0.0949891  0.0099943  0.0018521 -0.0011846  0.0018480 -0.0001175  0.0001217
 8.8784140  0.0080369 -0.0926313  0.0096901  0.0016913 -0.0014447  0.0014905 -0.0000285 -0.0000346
 9.1515960  0.0078148 -0.0912205  0.0093031  0.0015964 -0.0014921  0.0017437  0.0000981 -0.0000434
 9.4247780  0.0074204 -0.0890304  0.0086515  0.0014516 -0.0011975  0.0013834  0.0000500 -0.0000578
 9.6979599  0.0073718 -0.0871301  0.0085266  0.0014903 -0.0011037  0.0011601 -0.0000395 -0.0000597
 9.9711419  0.0068098 -0.0856574  0.0080224  0.0014628 -0.0007582  0.0016520 -0.0000850  0.0000643
 10.2443239  0.0067521 -0.0836202  0.0077224  0.0013229 -0.0008158  0.0009660  0.0000474  0.0001347
 10.5175058  0.0065950 -0.0825044  0.0072673  0.0011567 -0.0008844  0.0012104 -0.0000054  0.0000500
 10.7906878  0.0065382 -0.0806616  0.0068743  0.0011105 -0.0010764  0.0007707 -0.0001069  0.0000207
 11.0638698  0.0063394 -0.0788484  0.0066523  0.0011476 -0.0010094  0.0010726 -0.0000091  0.0000581
 11.3370517  0.0062262 -0.0776927  0.0064723  0.0010946 -0.0006063  0.0011315  0.0000545  0.0000285
 11.6102337  0.0056102 -0.0758529  0.0062134  0.0010693 -0.0003707  0.0009295  0.0001196  0.0000871
 11.8834157  0.0060057 -0.0747089  0.0057425  0.0009251 -0.0009939  0.0008650  0.0000127  0.0000514
 12.1565977  0.0054546 -0.0733064  0.0058256  0.0008006 -0.0008343  0.0007999  0.0000161 -0.0000116
 12.4297796  0.0055354 -0.0717663  0.0055408  0.0008717 -0.0005083  0.0007066 -0.0000683  0.0000504
 12.7029616  0.0052249 -0.0704872  0.0052035  0.0007935 -0.0005203  0.0004710 -0.0000160 -0.0000740
 12.9761436  0.0050499 -0.0696281  0.0051228  0.0006541 -0.0005307  0.0008178  0.0000205  0.0000182
 13.2493255  0.0047506 -0.0684348  0.0049749  0.0007789 -0.0002965  0.0007134 -0.0000085 -0.0000089
 13.5225075  0.0048318 -0.0672063  0.0046427  0.0007531 -0.0005656  0.0006603 -0.0000452  0.0000082
 13.7956895  0.0047529 -0.0664356  0.0046079  0.0005666 -0.0004219  0.0005324  0.0001261 -0.0000178
 14.0688714  0.0046606 -0.0646023  0.0044174  0.0006620 -0.0004813  0.0007469  0.0001452  0.0001109
 14.3420534  0.0046250 -0.0638935  0.0042905  0.0004569 -0.0003344  0.0005261 -0.0000038 -0.0000561
 14.6152354  0.0044555 -0.0629437  0.0043007  0.0004613 -0.0002112  0.0006814  0.0000851  0.0000055
 14.8884174  0.0042898 -0.0618603  0.0039564  0.0003572 -0.0001996  0.0005045  0.0000260  0.0000156
 15.1615993  0.0043415 -0.0613306  0.0038307  0.0004095 -0.0008721  0.0006039 -0.0000115  0.0000074
 15.4347813  0.0040002 -0.0596331  0.0039597  0.0005172 -0.0008574  0.0000207 -0.0000624  0.0000035
 15.7079633  0.0034547 -0.0593726  0.0033902  0.0004136 -0.0002533  0.0005755  0.0000629 -0.0001042
 15.9811452  0.0041553 -0.0582244  0.0036868  0.0003262 -0.0004181 -0.0000075 -0.0000298 -0.0001874
 16.2543272  0.0035673 -0.0575946  0.0033585  0.0003922 -0.0001839  0.0004810 -0.0000583  0.0000610
 16.5275092  0.0035260 -0.0568330  0.0033205  0.0002770 -0.0005495  0.0000561  0.0000617  0.0000533
 16.8006911  0.0031217 -0.0557653  0.0030956  0.0004323 -0.0003478  0.0003738  0.0000080 -0.0000173
 17.0738731  0.0034085 -0.0547536  0.0029871  0.0003092 -0.0004466  0.0003798 -0.0000450 -0.0000366
 17.3470551  0.0031271 -0.0541109  0.0030598  0.0004864 -0.0000976  0.0001436 -0.0000055  0.0000606
 17.6202371  0.0035012 -0.0534215  0.0030366  0.0006869 -0.0005429  0.0006199 -0.0000167  0.0000553
 17.8934190  0.0035224 -0.0530099  0.0028883  0.0004403 -0.0004775  0.0004634 -0.0000816 -0.0000488
 18.1666010  0.0034606 -0.0517199  0.0027158  0.0002636 -0.0007823 -0.0001159  0.0000794  0.0000088
 18.4397830  0.0027825 -0.0511634  0.0026274  0.0004698 -0.0000942  0.0003718  0.0000307 -0.0000201
 18.7129649  0.0028478 -0.0505578  0.0023319  0.0003647 -0.0002325  0.0002834  0.0000719  0.0000115
 18.9861469  0.0028647 -0.0499677  0.0026933  0.0003896  0.0000220  0.0001109  0.0001401 -0.0000458
 19.2593289  0.0029368 -0.0493002  0.0024482  0.0002570 -0.0001575  0.0004129 -0.0000190 -0.0000002
 19.5325108  0.0027565 -0.0485939  0.0024190  0.0001474 -0.0004947  0.0000842 -0.0000219  0.0000268
 19.8056928  0.0028838 -0.0481062  0.0022526  0.0001968 -0.0005050  0.0005174 -0.0000010  0.0001744
 20.0788748  0.0028007 -0.0469938  0.0023017  0.0002813 -0.0003177  0.0002326 -0.0001064  0.0000012
 20.3520568  0.0027233 -0.0469877  0.0023482  0.0002753 -0.0003889  0.0004897  0.0000296  0.0000798
 20.6252387  0.0026752 -0.0461708  0.0023180  0.0003065 -0.0004042  0.0000654  0.0000240 -0.0000915
 20.8984207  0.0022957 -0.0457008  0.0022038  0.0002113  0.0000119  0.0001409 -0.0000399 -0.0000458
 21.1716027  0.0025235 -0.0448626  0.0020892  0.0001792 -0.0003429  0.0000657 -0.0000444 -0.0000705
 21.4447846  0.0021891 -0.0446455  0.0019366  0.0003471  0.0001047  0.0001699 -0.0000220 -0.0000662
 21.7179666  0.0020160 -0.0440096  0.0017681  0.0000921 -0.0002154  0.0000571  0.0000107 -0.0001281
 21.9911486  0.0022640 -0.0434945  0.0020362  0.0002351 -0.0002738  0.0001302  0.0000117  0.0000045
 22.2643305  0.0020434 -0.0431781  0.0018112  0.0003285 -0.0002870  0.0003170  0.0000699 -0.0000480
 22.5375125  0.0024410 -0.0425619  0.0019650  0.0001037  0.0000743  0.0001359 -0.0000409  0.0001168
 22.8106945  0.0020653 -0.0420058  0.0016754  0.0001107 -0.0004497  0.0001100  0.0000145  0.0001082
 23.0838765  0.0020359 -0.0414683  0.0018751  0.0002466 -0.0000747  0.0002653  0.0000445 -0.0000495
 23.3570584  0.0022624 -0.0412179  0.0019536  0.0002417 -0.0001682  0.0000440  0.0000155  0.0000210
 23.6302404  0.0018679 -0.0411561  0.0018687  0.0001507 -0.0001510  0.0001838 -0.0001136 -0.0000085
 23.9034224  0.0023168 -0.0403421  0.0016561  0.0001597 -0.0004622  0.0003042 -0.0000122 -0.0000175
 24.1766043  0.0021474 -0.0397072  0.0017085  0.0001735 -0.0003314 -0.0000973 -0.0000114  0.0000719
 24.4497863  0.0022194 -0.0398404  0.0017132  0.0002405 -0.0001108  0.0004402 -0.0000987 -0.0000154
 24.7229683  0.0017641 -0.0390881  0.0013260 -0.0000362 -0.0000834 -0.0000858  0.0000826  0.0000152
 24.9961502  0.0020535 -0.0390085  0.0017127  0.0001835 -0.0001336  0.0005684  0.0000052  0.0000565
 25.2693322  0.0018582 -0.0382190  0.0015555  0.0001015 -0.0005080  0.0002021  0.0000956  0.0001351
 25.5425142  0.0015674 -0.0380325  0.0013318  0.0000675 -0.0000120  0.0002302 -0.0000681 -0.0000656
 25.8156962  0.0019191 -0.0377176  0.0015207  0.0001070 -0.0000188 -0.0000311  0.0000085  0.0001143
 26.0888781  0.0013211 -0.0375189  0.0013723  0.0000660  0.0001025  0.0003844 -0.0000527  0.0000951
 26.3620601  0.0014708 -0.0369039  0.0014282  0.0001515 -0.0002080  0.0005115  0.0000684 -0.0000260
 26.6352421  0.0015798 -0.0363245  0.0015274  0.0001009  0.0000219  0.0002781 -0.0000397  0.0000587
 26.9084240  0.0017105 -0.0360701  0.0014633  0.0004204 -0.0002736  0.0003957  0.0000943  0.0000575
 27.1816060  0.0015807 -0.0363932  0.0013415 -0.0000803 -0.0002857  0.0000266 -0.0001430  0.0000439
 27.4547880  0.0013340 -0.0356180  0.0014616  0.0000644 -0.0001394  0.0002774  0.0000728  0.0000318
 27.7279699  0.0015365 -0.0351814  0.0010920  0.0002041 -0.0000983  0.0002253  0.0001780  0.0000250
 28.0011519  0.0016431 -0.0346567  0.0013565  0.0001971 -0.0004117 -0.0000933 -0.0000436  0.0000434
 28.2743339  0.0016361 -0.0343723  0.0011903  0.0002849  0.0003118  0.0001880 -0.0000101 -0.0000519
 28.5475159  0.0015361 -0.0339588  0.0010226  0.0001251 -0.0000658 -0.0002187  0.0001151 -0.0000173
 28.8206978  0.0017199 -0.0339316  0.0013672  0.0000188 -0.0000190  0.0001231 -0.0000113 -0.0000426
 29.0938798  0.0017997 -0.0338327  0.0010512  0.0000849 -0.0002418  0.0003714 -0.0000893 -0.0000223
 29.3670618  0.0015018 -0.0333433  0.0011453  0.0000309 -0.0000830  0.0000411 -0.0001554 -0.0001045
 29.6402437  0.0014835 -0.0328464  0.0013032  0.0000771 -0.0000111  0.0004318  0.0000108 -0.0000144
 29.9134257  0.0011500 -0.0325790  0.0010040 -0.0001745 -0.0001036 -0.0000509  0.0000400 -0.0000607
 30.1866077  0.0014688 -0.0326477  0.0011501  0.0000734  0.0000067  0.0000406  0.0000283  0.0000639
 30.4597896  0.0014603 -0.0318953  0.0009798  0.0002434 -0.0001148 -0.0001563  0.0000092  0.0000178
 30.7329716  0.0015585 -0.0315891  0.0009155 -0.0000129 -0.0003376 -0.0002571 -0.0000221  0.0000231
 31.0061536  0.0011472 -0.0312569  0.0009549  0.0000502 -0.0003404 -0.0001060 -0.0001434  0.0000035
 31.2793356  0.0012840 -0.0310171  0.0011228 -0.0000288  0.0000492 -0.0001557  0.0000020 -0.0000367
 31.5525175  0.0009484 -0.0310249  0.0010352  0.0000030  0.0001389  0.0001323 -0.0000555  0.0000252
 31.8256995  0.0014925 -0.0307640  0.0011011  0.0001413 -0.0004910 -0.0001124  0.0000785  0.0000428
 32.0988815  0.0015498 -0.0306351  0.0008437  0.0001061 -0.0001447  0.0003755  0.0000282  0.0000760
 32.3720634  0.0011033 -0.0298782  0.0007699 -0.0001570 -0.0002499 -0.0004483 -0.0000414 -0.0001069
 32.6452454  0.0009701 -0.0301161  0.0007749 -0.0000105 -0.0002177  0.0000810  0.0000487  0.0000461
 32.9184274  0.0009171 -0.0293145  0.0008987  0.0001705  0.0002126 -0.0000452 -0.0000307 -0.0001356
 33.1916093  0.0010267 -0.0291798  0.0008091  0.0001300 -0.0000494 -0.0000198  0.0001092 -0.0000127
 33.4647913  0.0008554 -0.0294697  0.0010120 -0.0003184  0.0002982 -0.0001691  0.0000111  0.0000427
 33.7379733  0.0010427 -0.0290315  0.0010607  0.0002260 -0.0000875 -0.0000039  0.0000349  0.0000063
 34.0111552  0.0007003 -0.0286960  0.0007312  0.0000498 -0.0000378 -0.0001721 -0.0000142 -0.0000233
 34.2843372  0.0009775 -0.0286110  0.0009754  0.0000267  0.0001489  0.0000799  0.0000905 -0.0000688
 34.5575192  0.0009075 -0.0283740  0.0008632  0.0002560  0.0001149  0.0002762  0.0000189  0.0000776
 34.8307012  0.0007549 -0.0279640  0.0009168  0.0000467  0.0003714 -0.0004243 -0.0000007  0.0000004
 35.1038831  0.0011383 -0.0277650  0.0008190 -0.0000123  0.0001241 -0.0003364  0.0000097  0.0000227
 35.3770651  0.0012468 -0.0278738  0.0007457  0.0001385 -0.0002248  0.0000358 -0.0000852  0.0000207
 35.6502471  0.0010604 -0.0273010  0.0007639  0.0000080 -0.0002523 -0.0002821  0.0000584 -0.0000389
 35.9234290  0.0011664 -0.0275927  0.0008621 -0.0000571  0.0002261  0.0001663 -0.0000377  0.0000832
 36.1966110  0.0006278 -0.0268808  0.0006745 -0.0000474  0.0000710 -0.0000315 -0.0002053  0.0001127
 36.4697930  0.0005690 -0.0269746  0.0006817 -0.0002110  0.0000375  0.0001628  0.0000841  0.0000253
 36.7429749  0.0006836 -0.0267909  0.0010640  0.0000054  0.0000314  0.0002831  0.0000354 -0.0000317
 37.0161569  0.0005129 -0.0270111  0.0007617 -0.0002181 -0.0002648  0.0002469 -0.0000054 -0.0000931
 37.2893389  0.0008710 -0.0267298  0.0007501 -0.0001038 -0.0003954  0.0002114 -0.0000565 -0.0000070
 37.5625209  0.0009235 -0.0262877  0.0008340  0.0001180 -0.0004867  0.0000965 -0.0000163  0.0000701
 37.8357028  0.0005934 -0.0261019  0.0008393 -0.0000313 -0.0001831  0.0001580 -0.0000322  0.0000596
 38.1088848  0.0006048 -0.0258144  0.0006592  0.0000912 -0.0000739  0.0000031 -0.0000686  0.0000082
 38.3820668  0.0007680 -0.0256989  0.0006347  0.0000832 -0.0001287  0.0000396 -0.0000602  0.0001114
 38.6552487  0.0007155 -0.0254606  0.0006714  0.0000509 -0.0003893 -0.0001965  0.0000254 -0.0002092
 38.9284307  0.0006271 -0.0255397  0.0005438  0.0000390  0.0000557 -0.0001481  0.0000352  0.0000600
 39.2016127  0.0006539 -0.0248952  0.0005550 -0.0000476 -0.0000598 -0.0000141 -0.0000439  0.0000366
 39.4747946  0.0009591 -0.0248926  0.0006229 -0.0000226 -0.0004546  0.0001487  0.0000378 -0.0000622
 39.7479766  0.0007229 -0.0247021  0.0006726  0.0001280  0.0002120  0.0000511 -0.0002512  0.0000956
 40.0211586  0.0010089 -0.0245471  0.0005796  0.0000257  0.0001192 -0.0000315  0.0000169 -0.0000276
