#w_matsubara  g11_Re     g11_Im     g12_Re     g12_Im     g13_Re     g13_Im     g12_nambu_Re     g12_nambu_Im     
 0.1365910  0.0194470 -0.4160700  0.1675994  0.0249079 -0.0383335  0.2186748 -0.0045940  0.0000571
 0.4097730 -0.0049345 -0.3453177  0.1322992  0.0142099 -0.0175050  0.1344393 -0.0008320  0.0000137
 0.6829549 -0.0109275 -0.3015950  0.1078902  0.0103425 -0.0119699  0.0922020 -0.0003012 -0.0000073
 0.9561369 -0.0111480 -0.2711048  0.0903808  0.0091305 -0.0102827  0.0675916 -0.0001816 -0.0000196
 1.2293189 -0.0099083 -0.2486074  0.0769539  0.0082716 -0.0091875  0.0518093 -0.0000993 -0.0000041
 1.5025008 -0.0076179 -0.2304752  0.0669269  0.0081868 -0.0086014  0.0411032 -0.0000252  0.0000851
 1.7756828 -0.0045597 -0.2161721  0.0592788  0.0079892 -0.0083846  0.0334830  0.0000169  0.0000249
 2.0488648 -0.0019774 -0.2036705  0.0529823  0.0079038 -0.0081623  0.0276615  0.0000594 -0.0000256
 2.3220467 -0.0000057 -0.1929722  0.0475378  0.0075472 -0.0078487  0.0229904 -0.0000718 -0.0000354
 2.5952287  0.0018072 -0.1840912  0.0429786  0.0071927 -0.0072159  0.0194571  0.0000288 -0.0001220
 2.8684107  0.0036301 -0.1759921  0.0390905  0.0070738 -0.0065850  0.0169189  0.0000868  0.0000553
 3.1415927  0.0050972 -0.1686201  0.0358041  0.0066929 -0.0059580  0.0143964  0.0000481 -0.0000245
 3.4147746  0.0059391 -0.1624632  0.0328735  0.0062901 -0.0057609  0.0127543  0.0000625 -0.0000846
 3.6879566  0.0071042 -0.1563615  0.0306585  0.0061112 -0.0053833  0.0113412 -0.0001430 -0.0000507
 3.9611386  0.0077823 -0.1511147  0.0279734  0.0054681 -0.0051073  0.0095505 -0.0000305  0.0000549
 4.2343205  0.0081342 -0.1458908  0.0258970  0.0051756 -0.0044669  0.0087571  0.0000231 -0.0000308
 4.5075025  0.0086573 -0.1413030  0.0243982  0.0050017 -0.0037347  0.0077667 -0.0000486 -0.0000108
 4.7806845  0.0090091 -0.1369945  0.0226359  0.0044197 -0.0037780  0.0070018 -0.0000905  0.0000269
 5.0538664  0.0094104 -0.1329861  0.0212083  0.0043543 -0.0036776  0.0064334 -0.0000015  0.0000358
 5.3270484  0.0094951 -0.1293588  0.0198534  0.0040639 -0.0032017  0.0058545 -0.0000214 -0.0001486
 5.6002304  0.0094825 -0.1258814  0.0184020  0.0037942 -0.0030899  0.0052279 -0.0000276  0.0001744
 5.8734124  0.0090947 -0.1218453  0.0174985  0.0035701 -0.0028379  0.0045528 -0.0000479 -0.0001009
 6.1465943  0.0094006 -0.1185287  0.0165180  0.0032568 -0.0023991  0.0039920 -0.0000408 -0.0000076
 6.4197763  0.0094722 -0.1154490  0.0154449  0.0030850 -0.0025648  0.0037462 -0.0000061  0.0000195
 6.6929583  0.0092755 -0.1128118  0.0146465  0.0028105 -0.0021238  0.0035656  0.0001209  0.0000249
 6.9661402  0.0090143 -0.1095025  0.0137494  0.0025224 -0.0022420  0.0028812 -0.0000616 -0.0000193
 7.2393222  0.0087955 -0.1067306  0.0130530  0.0025876 -0.0020918  0.0024944 -0.0000843 -0.0000129
 7.5125042  0.0089857 -0.1039940  0.0122752  0.0026360 -0.0018962  0.0027153  0.0001846  0.0001449
 7.7856861  0.0085075 -0.1022772  0.0116702  0.0021966 -0.0015170  0.0024728 -0.0000137 -0.0000244
 8.0588681  0.0085689 -0.0995059  0.0110504  0.0019507 -0.0017076  0.0024716  0.0000103 -0.0000195
 8.3320501  0.0082637 -0.0972899  0.0104131  0.0019032 -0.0013558  0.0020253 -0.0000366  0.0000224
 8.6052321  0.0077885 -0.0951506  0.0100846  0.0017480 -0.0012421  0.0021957 -0.0000044 -0.0001645
 8.8784140  0.0075367 -0.0927393  0.0095725  0.0016747 -0.0010844  0.0019432 -0.0000344  0.0000657
 9.1515960  0.0078324 -0.0911803  0.0092708  0.0014335 -0.0012746  0.0018698 -0.0000452  0.0000644
 9.4247780  0.0074838 -0.0886990  0.0087067  0.0014711 -0.0011151  0.0013951  0.0000268  0.0000020
 9.6979599  0.0073364 -0.0870375  0.0082549  0.0014575 -0.0012961  0.0016333 -0.0000423  0.0000256
 9.9711419  0.0069543 -0.0855188  0.0080384  0.0015236 -0.0009833  0.0012891  0.0000109 -0.0000141
 10.2443239  0.0068238 -0.0836819  0.0075702  0.0011739 -0.0011120  0.0008993  0.0000247  0.0000436
 10.5175058  0.0062052 -0.0818170  0.0072568  0.0012154 -0.0008454  0.0014956 -0.0000398 -0.0000739
 10.7906878  0.0064113 -0.0800133  0.0068571  0.0009564 -0.0008428  0.0009461 -0.0000162  0.0000243
 11.0638698  0.0060757 -0.0790907  0.0065527  0.0010050 -0.0009797  0.0014120  0.0000565  0.0000958
 11.3370517  0.0060407 -0.0774708  0.0063915  0.0009766 -0.0008255  0.0012236 -0.0000733 -0.0000223
 11.6102337  0.0060731 -0.0757857  0.0061720  0.0009809 -0.0011657  0.0010889 -0.0000516  0.0000446
 11.8834157  0.0055001 -0.0745788  0.0059252  0.0009582 -0.0009072  0.0008781 -0.0000246 -0.0000731
 12.1565977  0.0057909 -0.0729431  0.0057108  0.0008807 -0.0009605  0.0010114 -0.0000270 -0.0000165
 12.4297796  0.0055173 -0.0719050  0.0055441  0.0008653 -0.0008219  0.0007514 -0.0000363  0.0001110
 12.7029616  0.0053772 -0.0707472  0.0053588  0.0008014 -0.0006971  0.0009164 -0.0000033  0.0000418
 12.9761436  0.0049043 -0.0693694  0.0050912  0.0010269 -0.0002373  0.0008903 -0.0000244  0.0001466
 13.2493255  0.0052773 -0.0682998  0.0050263  0.0005769 -0.0006295  0.0004665 -0.0000767  0.0000999
 13.5225075  0.0045974 -0.0666126  0.0046650  0.0005678 -0.0007795  0.0003621 -0.0000271  0.0000137
 13.7956895  0.0047767 -0.0661115  0.0047286  0.0007324 -0.0004696  0.0007761 -0.0001137 -0.0000504
 14.0688714  0.0046425 -0.0649038  0.0044828  0.0004541 -0.0003769  0.0005631  0.0001845 -0.0000385
 14.3420534  0.0045251 -0.0633900  0.0041851  0.0006314 -0.0004275  0.0005058  0.0000150  0.0000543
 14.6152354  0.0041678 -0.0629848  0.0040121  0.0003419 -0.0000739  0.0004746 -0.0000050 -0.0000344
 14.8884174  0.0040769 -0.0617137  0.0037276  0.0005020 -0.0008285  0.0005802 -0.0000210 -0.0000333
 15.1615993  0.0043071 -0.0606032  0.0038815  0.0007681 -0.0003600  0.0004882  0.0000328  0.0000070
 15.4347813  0.0040475 -0.0597025  0.0037346  0.0006765 -0.0001666  0.0004467  0.0000220  0.0000621
 15.7079633  0.0036310 -0.0588814  0.0035892  0.0004172 -0.0000683  0.0005810  0.0000439  0.0000319
 15.9811452  0.0039910 -0.0580967  0.0036155  0.0003869 -0.0004867  0.0004126  0.0000172  0.0000783
 16.2543272  0.0038991 -0.0573594  0.0033137  0.0004097 -0.0002042  0.0004622  0.0000739  0.0000041
 16.5275092  0.0036788 -0.0562522  0.0033030  0.0003377 -0.0005314  0.0002329  0.0000577  0.0000498
 16.8006911  0.0037155 -0.0557493  0.0032577  0.0003411 -0.0000983  0.0004220 -0.0000180 -0.0000211
 17.0738731  0.0035355 -0.0548062  0.0030820  0.0003431 -0.0004152  0.0002670 -0.0000518 -0.0001123
 17.3470551  0.0034074 -0.0543021  0.0029648  0.0003684  0.0001774  0.0004960  0.0000199  0.0000616
 17.6202371  0.0029030 -0.0533863  0.0028118  0.0001698 -0.0002100  0.0008005  0.0000671  0.0001280
 17.8934190  0.0030895 -0.0522759  0.0029802  0.0003164 -0.0003067  0.0005319 -0.0000055 -0.0000169
 18.1666010  0.0033173 -0.0520424  0.0027638  0.0002852 -0.0003405  0.0009226 -0.0001053  0.0000077
 18.4397830  0.0028510 -0.0511931  0.0026951  0.0000328 -0.0002774  0.0001860 -0.0000102 -0.0000593
 18.7129649  0.0029174 -0.0501176  0.0027143  0.0002919 -0.0004833  0.0005677  0.0000069 -0.0000152
 18.9861469  0.0028199 -0.0498109  0.0026671  0.0003029 -0.0000500  0.0004422 -0.0001239 -0.0000296
 19.2593289  0.0024896 -0.0495177  0.0026462  0.0004216 -0.0003296  0.0007436  0.0000214  0.0000155
 19.5325108  0.0026046 -0.0489202  0.0026321  0.0001399 -0.0004104  0.0001684 -0.0000324 -0.0000509
 19.8056928  0.0026232 -0.0482499  0.0024165  0.0002670 -0.0006321  0.0000456 -0.0001344  0.0000051
 20.0788748  0.0029202 -0.0473087  0.0022413  0.0002913 -0.0005567  0.0000480  0.0000838  0.0000492
 20.3520568  0.0025800 -0.0471743  0.0021603  0.0002432 -0.0007326  0.0005876  0.0000038 -0.0000861
 20.6252387  0.0024897 -0.0459592  0.0021441  0.0004951 -0.0002830  0.0005031 -0.0000458 -0.0000256
 20.8984207  0.0026488 -0.0457194  0.0021667  0.0002971 -0.0002826  0.0001835  0.0000027  0.0000993
 21.1716027  0.0022322 -0.0451851  0.0020887  0.0002357 -0.0001171  0.0002276  0.0000044  0.0000513
 21.4447846  0.0026478 -0.0445894  0.0021267  0.0000893 -0.0003203 -0.0001851  0.0000255 -0.0000169
 21.7179666  0.0024513 -0.0444970  0.0017910  0.0001730 -0.0004522  0.0001598 -0.0000230  0.0000551
 21.9911486  0.0024403 -0.0435107  0.0018939  0.0002758 -0.0000319  0.0001946  0.0000988 -0.0000080
 22.2643305  0.0019779 -0.0430985  0.0017758  0.0000455 -0.0002029  0.0001339 -0.0000135  0.0001187
 22.5375125  0.0020251 -0.0423518  0.0016297  0.0001970 -0.0005062  0.0002253 -0.0000071  0.0000291
 22.8106945  0.0018055 -0.0420031  0.0016771  0.0003051  0.0000792  0.0001972  0.0001126 -0.0000902
 23.0838765  0.0017331 -0.0413726  0.0016790  0.0001519 -0.0001189 -0.0001171 -0.0000266 -0.0001089
 23.3570584  0.0021561 -0.0409924  0.0016101  0.0001739 -0.0003536  0.0001661 -0.0000608  0.0000998
 23.6302404  0.0021329 -0.0404029  0.0017294  0.0002692 -0.0002886  0.0002736  0.0000912  0.0000395
 23.9034224  0.0020852 -0.0405973  0.0016798  0.0000117 -0.0004824  0.0004526 -0.0000068  0.0000716
 24.1766043  0.0021354 -0.0400497  0.0015450  0.0001691 -0.0000654  0.0004368 -0.0000787 -0.0000560
 24.4497863  0.0017470 -0.0389907  0.0015043  0.0001067  0.0001478  0.0002974  0.0001543  0.0000758
 24.7229683  0.0021594 -0.0390447  0.0014924  0.0000259 -0.0002809  0.0001961  0.0001214 -0.0000513
 24.9961502  0.0016261 -0.0387515  0.0017394  0.0001863 -0.0002900  0.0005201  0.0000670 -0.0000575
 25.2693322  0.0018149 -0.0382856  0.0015908  0.0000457 -0.0001143  0.0001937 -0.0000530  0.0000537
 25.5425142  0.0016125 -0.0381815  0.0015484 -0.0000042 -0.0003407 -0.0000268 -0.0000043 -0.0000714
 25.8156962  0.0015743 -0.0376287  0.0015293  0.0002337 -0.0002008  0.0006613 -0.0000830  0.0000711
 26.0888781  0.0015341 -0.0372426  0.0013739  0.0001208 -0.0001392  0.0000032  0.0000328 -0.0000640
 26.3620601  0.0017686 -0.0364652  0.0013339  0.0002592 -0.0004178 -0.0000412  0.0000675  0.0000234
 26.6352421  0.0016755 -0.0362765  0.0012215  0.0002387 -0.0001931  0.0002937 -0.0000106 -0.0000690
 26.9084240  0.0015809 -0.0361365  0.0013434  0.0000045 -0.0000779  0.0000661 -0.0000003  0.0000291
 27.1816060  0.0016571 -0.0355649  0.0013043  0.0001796 -0.0004540  0.0001616  0.0000140  0.0000491
 27.4547880  0.0013631 -0.0355320  0.0014373  0.0003021 -0.0000516  0.0005708  0.0000140 -0.0000915
 27.7279699  0.0014569 -0.0352482  0.0012103 -0.0000975 -0.0003429 -0.0000359 -0.0000927  0.0000024
 28.0011519  0.0014597 -0.0346481  0.0011725  0.0003962 -0.0002109  0.0003772 -0.0000499 -0.0000408
 28.2743339  0.0010967 -0.0341010  0.0011075  0.0000261 -0.0003550  0.0000719  0.0000658 -0.0001103
 28.5475159  0.0018108 -0.0343162  0.0012011  0.0001420 -0.0002670  0.0001907 -0.0000170  0.0000011
 28.8206978  0.0013337 -0.0336924  0.0010818  0.0001395 -0.0001408  0.0001703 -0.0000185  0.0000533
 29.0938798  0.0014000 -0.0334115  0.0011981  0.0001902  0.0002648  0.0002896  0.0000603  0.0000869
 29.3670618  0.0014269 -0.0333468  0.0011143 -0.0001018 -0.0003104  0.0001135 -0.0000348 -0.0000508
 29.6402437  0.0013970 -0.0329292  0.0012515  0.0002505  0.0001231  0.0003014 -0.0000200  0.0000092
 29.9134257  0.0013940 -0.0329521  0.0011501 -0.0000569 -0.0001116  0.0001316  0.0000247 -0.0000194
 30.1866077  0.0013548 -0.0325528  0.0011156  0.0000173 -0.0001934  0.0001134  0.0001302 -0.0001161
 30.4597896  0.0013096 -0.0320229  0.0010731  0.0001917 -0.0002378  0.0000667 -0.0000385  0.0001179
 30.7329716  0.0012698 -0.0316740  0.0009520  0.0002099 -0.0001193  0.0001211 -0.0000438  0.0000786
 31.0061536  0.0011879 -0.0318255  0.0010063  0.0000340 -0.0000125  0.0004379  0.0000012  0.0000628
 31.2793356  0.0011290 -0.0313437  0.0009704  0.0002664 -0.0000606  0.0002036 -0.0000191 -0.0000264
 31.5525175  0.0014167 -0.0310911  0.0012241 -0.0000101 -0.0002493  0.0001142  0.0000618  0.0000124
 31.8256995  0.0010208 -0.0307537  0.0009326  0.0000376  0.0000611 -0.0000979 -0.0000347  0.0000607
 32.0988815  0.0012850 -0.0308223  0.0008901  0.0001802 -0.0002370  0.0004280 -0.0000350 -0.0000543
 32.3720634  0.0008628 -0.0308362  0.0010552  0.0000166  0.0001590  0.0001589  0.0000594  0.0000330
 32.6452454  0.0011425 -0.0299149  0.0007076  0.0001639 -0.0003842 -0.0002933 -0.0000307  0.0000051
 32.9184274  0.0015748 -0.0299547  0.0010069 -0.0001255  0.0000818  0.0002980 -0.0000676 -0.0001175
 33.1916093  0.0008064 -0.0293929  0.0006378 -0.0001248 -0.0002486 -0.0000483 -0.0001913  0.0000631
 33.4647913  0.0014308 -0.0292176  0.0009097  0.0001400 -0.0000116  0.0000681 -0.0000570  0.0000427
 33.7379733  0.0011931 -0.0291576  0.0010222 -0.0002767  0.0001414 -0.0001400  0.0000531 -0.0000281
 34.0111552  0.0007776 -0.0287471  0.0006689  0.0002451 -0.0003517  0.0002322 -0.0000674 -0.0000000
 34.2843372  0.0011913 -0.0286377  0.0011492  0.0001255  0.0000691  0.0002620  0.0000208  0.0000476
 34.5575192  0.0005521 -0.0282189  0.0008472  0.0000551  0.0004083  0.0001244 -0.0000090 -0.0000134
 34.8307012  0.0012897 -0.0280420  0.0007363  0.0001301  0.0000256 -0.0000703  0.0001636 -0.0001150
 35.1038831  0.0009303 -0.0281851  0.0006686 -0.0000411 -0.0000703  0.0000097 -0.0000414 -0.0000319
 35.3770651  0.0009322 -0.0279763  0.0006762  0.0000511 -0.0000228  0.0002198 -0.0000084  0.0000267
 35.6502471  0.0007822 -0.0275972  0.0008619 -0.0001607 -0.0001122 -0.0000615  0.0000278 -0.0000217
 35.9234290  0.0007016 -0.0275866  0.0006127 -0.0000990 -0.0002459  0.0002747 -0.0000030  0.0000374
 36.1966110  0.0008025 -0.0271493  0.0007811  0.0000462 -0.0001973 -0.0002792  0.0000959 -0.0000000
 36.4697930  0.0007949 -0.0270123  0.0006979  0.0001278 -0.0004891  0.0001154 -0.0000204 -0.0000407
 36.7429749  0.0009336 -0.0265528  0.0007649  0.0000515  0.0000948  0.0002595 -0.0000842 -0.0000002
 37.0161569  0.0012311 -0.0265764  0.0011480  0.0000496 -0.0002778 -0.0001949  0.0000492 -0.0000356
 37.2893389  0.0007307 -0.0269728  0.0006947  0.0002310  0.0000511  0.0007346  0.0001252 -0.0000455
 37.5625209  0.0009471 -0.0259540  0.0006178 -0.0001329 -0.0001706 -0.0000147  0.0000533  0.0000686
 37.8357028  0.0009590 -0.0262938  0.0006887 -0.0000625 -0.0000349  0.0001211  0.0000769  0.0001022
 38.1088848  0.0005421 -0.0256433  0.0006258 -0.0000633 -0.0002841 -0.0001461  0.0000409  0.0000273
 38.3820668  0.0011229 -0.0258395  0.0006525  0.0002325 -0.0004353 -0.0001599 -0.0001584 -0.0000036
 38.6552487  0.0007647 -0.0259223  0.0007216 -0.0000848 -0.0001798  0.0001890  0.0000412 -0.0000457
 38.9284307  0.0006519 -0.0252394  0.0007223  0.0002386  0.0000236 -0.0001201  0.0000352 -0.0000299
 39.2016127  0.0008690 -0.0252862  0.0005940 -0.0001014  0.0001607 -0.0003252 -0.0000059  0.0000028
 39.4747946  0.0005972 -0.0250350  0.0004691  0.0000865  0.0003046 -0.0001627 -0.0000018 -0.0000066
 39.7479766  0.0009793 -0.0249600  0.0006635  0.0002704 -0.0000575  0.0004172  0.0000470  0.0000048
 40.0211586  0.0007966 -0.0247855  0.0005216  0.0000337 -0.0001148 -0.0002398 -0.0000354 -0.0000323
