#w_matsubara  g11_Re     g11_Im     g12_Re     g12_Im     g13_Re     g13_Im     g12_nambu_Re     g12_nambu_Im     
 0.1365910  5.5752912 -0.5346980 -0.3470635 -0.0693723 -0.2195481  0.1673274  0.0212283  0.0002438
 0.4097730  5.6255701 -0.9111356 -0.3338926 -0.1388665 -0.2243725  0.1299949  0.0096918  0.0000382
 0.6829549  5.6560222 -1.1775257 -0.3316792 -0.1865477 -0.2239565  0.1020796  0.0050478  0.0001960
 0.9561369  5.6621401 -1.3842684 -0.3290791 -0.2166604 -0.2125496  0.0825601  0.0041247 -0.0003539
 1.2293189  5.6454998 -1.5389120 -0.3304059 -0.2346322 -0.1993911  0.0745476  0.0027793 -0.0001850
 1.5025008  5.6217508 -1.6563749 -0.3273413 -0.2450441 -0.1852291  0.0676303  0.0010727  0.0007725
 1.7756828  5.5866092 -1.7487601 -0.3250823 -0.2492567 -0.1692910  0.0591743  0.0018946  0.0013023
 2.0488648  5.5387606 -1.8079113 -0.3234410 -0.2457434 -0.1591027  0.0541510  0.0009512  0.0001404
 2.3220467  5.4918123 -1.8416322 -0.3130606 -0.2360878 -0.1413926  0.0471585 -0.0010467  0.0002664
 2.5952287  5.4481572 -1.8722932 -0.3008755 -0.2233750 -0.1309035  0.0473043  0.0009043 -0.0000990
 2.8684107  5.3955517 -1.8867785 -0.3012912 -0.2133707 -0.1101017  0.0301600  0.0016758  0.0003661
 3.1415927  5.3375512 -1.9081621 -0.2965118 -0.2092132 -0.0968425  0.0353799 -0.0011536  0.0009157
 3.4147746  5.2895740 -1.9080445 -0.2888510 -0.1993253 -0.0868288  0.0287141  0.0004883 -0.0009657
 3.6879566  5.2441110 -1.8917270 -0.2789128 -0.1769676 -0.0773559  0.0295281  0.0001438  0.0008798
 3.9611386  5.1984365 -1.8743879 -0.2596786 -0.1641732 -0.0601917  0.0438397  0.0030273  0.0018457
 4.2343205  5.1571446 -1.8477388 -0.2584795 -0.1516057 -0.0621296  0.0212363 -0.0003808  0.0036924
 4.5075025  5.1191910 -1.8334090 -0.2515858 -0.1520176 -0.0475604  0.0201130  0.0048237  0.0067707
 4.7806845  5.0985217 -1.8062553 -0.2305089 -0.1284566 -0.0493374  0.0393000  0.0040606 -0.0007562
 5.0538664  5.0345588 -1.7701986 -0.2292301 -0.1217431 -0.0202493  0.0390865 -0.0065975 -0.0025429
 5.3270484  5.0076577 -1.7576511 -0.2261866 -0.1222891 -0.0435685  0.0254969 -0.0042231  0.0011096
 5.6002304  4.9835263 -1.7392980 -0.2048726 -0.1064515 -0.0337988  0.0144711  0.0002556 -0.0045326
 5.8734124  4.9410847 -1.6823841 -0.2155347 -0.0862340 -0.0187338  0.0281259  0.0017825 -0.0074397
 6.1465943  4.9229403 -1.6578839 -0.2077116 -0.0900303 -0.0267131  0.0266025 -0.0129065 -0.0010898
 6.4197763  4.9171578 -1.6391482 -0.1877372 -0.0880090 -0.0378580  0.0223016 -0.0050514  0.0035882
 6.6929583  4.8869325 -1.5769691 -0.1976137 -0.0799323 -0.0566892  0.0172933  0.0017456  0.0097074
 6.9661402  4.8571745 -1.5710369 -0.1743078 -0.0742733 -0.0273470  0.0146353  0.0068455  0.0066563
 7.2393222  4.8313449 -1.5715502 -0.1708135 -0.0677047 -0.0348930  0.0223366 -0.0055255 -0.0053770
 7.5125042  4.8046421 -1.4981162 -0.1654600 -0.0533899 -0.0055527  0.0189002 -0.0077025 -0.0062611
 7.7856861  4.8172952 -1.4862179 -0.1491940 -0.0524993 -0.0369868  0.0334148 -0.0153653  0.0006552
 8.0588681  4.7610851 -1.4429237 -0.1257572 -0.0742895  0.0280273  0.0096150 -0.0001582  0.0002145
 8.3320501  4.7503886 -1.4353037 -0.1293170 -0.0440677 -0.0249926 -0.0147238 -0.0039565 -0.0064682
 8.6052321  4.7653880 -1.4055001 -0.1271477 -0.0478609 -0.0224483  0.0431990  0.0077152 -0.0022273
 8.8784140  4.6810422 -1.3708786 -0.1089370 -0.0260564  0.0315949 -0.0072634 -0.0103288 -0.0030408
 9.1515960  4.6901871 -1.3448265 -0.1300067 -0.0446529  0.0211971 -0.0194384  0.0080012 -0.0087573
 9.4247780  4.7120386 -1.3551251 -0.1345861 -0.0509618 -0.0123194  0.0196567  0.0058974 -0.0121745
 9.6979599  4.6624923 -1.3025862 -0.1118814 -0.0419658  0.0066439  0.0506592 -0.0002921 -0.0038920
 9.9711419  4.6680788 -1.2590704 -0.1034541 -0.0280796 -0.0244737  0.0257338 -0.0094716 -0.0101971
 10.2443239  4.6859285 -1.2924651 -0.1060234 -0.0266274 -0.0520871  0.0364144 -0.0035006 -0.0051595
 10.5175058  4.6437722 -1.2821515 -0.1331528 -0.0275644 -0.0043893 -0.0055651 -0.0095318 -0.0145733
 10.7906878  4.6565941 -1.2379253 -0.1014364 -0.0381580  0.0275949  0.0660968 -0.0167049 -0.0073316
 11.0638698  4.6585809 -1.1530316 -0.1166331 -0.0478859  0.0274030 -0.0039138  0.0002512 -0.0105520
 11.3370517  4.5813619 -1.0924371 -0.0893442 -0.0544332 -0.0208324 -0.0035542 -0.0018613 -0.0062555
 11.6102337  4.6222382 -1.1233130 -0.0855410 -0.0215951 -0.0471201 -0.0069851 -0.0058241 -0.0112205
 11.8834157  4.6529389 -1.0683545 -0.0988251 -0.0053527  0.0076176  0.0450321  0.0065092  0.0033943
 12.1565977  4.6002361 -1.0859637 -0.0484561 -0.0230947  0.0269906  0.0835964 -0.0029661 -0.0018545
 12.4297796  4.6087771 -1.0649152 -0.0727496  0.0166700  0.0026338 -0.0534760  0.0212284 -0.0214223
 12.7029616  4.6177329 -1.0190868 -0.0502250 -0.0459051  0.0271015 -0.0015747  0.0035089 -0.0072165
 12.9761436  4.5448720 -1.0625366 -0.0288054 -0.0327822 -0.0061804 -0.0034995  0.0038274  0.0057924
 13.2493255  4.5727447 -1.0298677 -0.0463593  0.0158780 -0.0306473 -0.0668967  0.0185735 -0.0025259
 13.5225075  4.6304525 -1.0282327 -0.0915259  0.0056356  0.0140649 -0.0123630  0.0019644 -0.0212642
 13.7956895  4.5542900 -1.0262085 -0.0832903 -0.0580427  0.0204036 -0.0433139  0.0107274 -0.0074836
 14.0688714  4.5604906 -0.9567112 -0.0713452 -0.0351327  0.0711088 -0.0565058  0.0091488 -0.0125512
 14.3420534  4.5347868 -0.9653694 -0.1014018 -0.0288229  0.0337058  0.1018486  0.0187389 -0.0194722
 14.6152354  4.4669568 -1.0039658 -0.0339141 -0.0504429  0.0383122 -0.0227266  0.0193327  0.0184994
 14.8884174  4.4957977 -0.8981878 -0.1083207 -0.0034630  0.0176251 -0.0108851  0.0154360  0.0188365
 15.1615993  4.4804609 -0.9759509 -0.1201189 -0.0087330  0.0732508  0.0368620 -0.0009568  0.0219023
 15.4347813  4.5082003 -0.8714170 -0.1279635 -0.0497837  0.0188208 -0.0103828  0.0115212 -0.0206137
 15.7079633  4.5103813 -0.9155616 -0.1336071 -0.0421558  0.0139957 -0.0020448  0.0012866 -0.0023273
 15.9811452  4.5109165 -0.9131350 -0.0933512 -0.0433375 -0.0951809  0.0642121 -0.0115241 -0.0056933
 16.2543272  4.4527044 -0.8006157 -0.0997788 -0.0618881  0.0013709 -0.0313467 -0.0069013  0.0126584
 16.5275092  4.5325809 -0.7287804 -0.0796932  0.0158685 -0.0041873  0.0238811 -0.0227271  0.0259245
 16.8006911  4.5534582 -0.7485377 -0.0715558 -0.0313864 -0.0261603  0.0262540  0.0105090  0.0207720
 17.0738731  4.5150560 -0.8108311  0.0135147 -0.0208736  0.0324357  0.0736255 -0.0038696 -0.0280200
 17.3470551  4.4593841 -0.8584089 -0.0580840 -0.0611210  0.0138736  0.1080432  0.0078762 -0.0018887
 17.6202371  4.4468558 -0.7010828 -0.0239078 -0.0846908  0.0018197 -0.0462642  0.0223238 -0.0245149
 17.8934190  4.5688162 -0.8541296 -0.0047663  0.0020593 -0.0691628  0.0691737 -0.0328448  0.0179155
 18.1666010  4.5649048 -0.7414336 -0.0484141 -0.0545446 -0.0608853  0.0694343  0.0221826  0.0032052
 18.4397830  4.3122696 -0.7772642 -0.0888102 -0.1200730  0.0591479  0.0216368 -0.0107092  0.0215348
 18.7129649  4.4757353 -0.6782217 -0.0795336  0.0853038 -0.1236759  0.0493291 -0.0332834 -0.0456621
 18.9861469  4.3984980 -0.6938354 -0.0719569 -0.0239705  0.0242833  0.0301152 -0.0102197  0.0257505
 19.2593289  4.4743490 -0.6382341 -0.0224105  0.0415731 -0.0106917 -0.0274173 -0.0266902 -0.0209973
 19.5325108  4.3831304 -0.7703893 -0.0819858 -0.0120512 -0.0644620  0.0902487 -0.0334994  0.0016734
 19.8056928  4.3142095 -0.7827886  0.0092194 -0.0508775 -0.0174151  0.0193236  0.0004878  0.0211111
 20.0788748  4.4603138 -0.7410700 -0.0361242 -0.0484570 -0.0661952  0.0667035  0.0034642  0.0351279
 20.3520568  4.4847928 -0.5378887 -0.0177423  0.0112877 -0.0350833  0.1013567  0.0279566 -0.0332304
 20.6252387  4.5321815 -0.5918670  0.0180827 -0.0865809 -0.0872289 -0.0076299 -0.0053117 -0.0126309
 20.8984207  4.3862705 -0.7060713 -0.0316259 -0.0028097 -0.0749687 -0.0232254  0.0109849 -0.0254147
 21.1716027  4.4425574 -0.7346445 -0.0375745 -0.0808038 -0.0865977  0.1123508  0.0001061 -0.0301053
 21.4447846  4.2129596 -0.5334670 -0.0379159  0.0325357  0.0036435  0.0816946  0.0079800  0.0035744
 21.7179666  4.4899316 -0.4524841  0.0355524  0.0548537  0.0494830 -0.0298511  0.0504651  0.0166916
 21.9911486  4.4242420 -0.5748492  0.0494342 -0.0146277 -0.0363651 -0.1863243  0.0154396 -0.0299814
 22.2643305  4.4176449 -0.8019349 -0.0014397 -0.0805515  0.2575551 -0.0684561 -0.0226610  0.0473378
 22.5375125  4.4463743 -0.5260616 -0.0463114 -0.0257690 -0.0764055  0.0983430  0.0108451  0.0441831
 22.8106945  4.3914169 -0.6401317 -0.0744162  0.0129656 -0.0236931  0.0094536  0.0408609  0.0056149
 23.0838765  4.5465200 -0.6617304 -0.0307327  0.0236870 -0.0436452  0.0467784  0.0361695  0.0724248
 23.3570584  4.3875799 -0.5905941 -0.0140413  0.0153041  0.0145054 -0.0513306  0.0070854 -0.0583399
 23.6302404  4.3257714 -0.6746826  0.0227505  0.0162151 -0.0441761  0.1413940 -0.0357349  0.0040243
 23.9034224  4.2223823 -0.5117227  0.0016209 -0.1121557  0.1830398 -0.1155863 -0.0360461 -0.0541695
 24.1766043  4.1916798 -0.3026459 -0.1127238 -0.0397313 -0.0025385 -0.0379310 -0.0510977 -0.0581922
 24.4497863  4.3240434 -0.6265726  0.0040191  0.1183474 -0.0239384 -0.0233478 -0.0598770 -0.0302334
 24.7229683  4.3527427 -0.5520594 -0.0488258  0.0894966 -0.0080164 -0.1464200  0.0141442 -0.0328766
 24.9961502  4.4487165 -0.5513565 -0.1296845  0.0250558 -0.1099953  0.1461366  0.0198195 -0.0533784
 25.2693322  4.7173110 -0.6746423  0.0372026 -0.0027791 -0.1337436  0.0068143 -0.0522576 -0.0157452
 25.5425142  4.7063417 -0.5354842 -0.1131732  0.0748799 -0.4366736  0.4086035  0.0621958 -0.0918603
 25.8156962  4.3022718 -0.3713833 -0.0605221  0.0979663 -0.1791551  0.0911000  0.0220025  0.0575282
 26.0888781  4.4383725 -0.5141233  0.1453171 -0.0878695  0.1259167  0.0809142 -0.0291728 -0.0010353
 26.3620601  4.6244803 -0.3998128  0.0304875  0.0619599  0.0507907 -0.1000045  0.0083408 -0.0547070
 26.6352421  4.3471657 -0.6445857  0.1028879  0.1389533  0.1652038  0.0003625  0.0045231 -0.0113772
 26.9084240  4.5888869 -0.4200113 -0.0783010 -0.0232178  0.0030947 -0.0962208  0.0015549 -0.0332361
 27.1816060  4.6124783 -0.5354137  0.0197385 -0.0628800 -0.2183868  0.1081516  0.0821969 -0.0294037
 27.4547880  4.3857392 -0.5406193  0.0868752 -0.1776622 -0.0582142  0.1008363 -0.0368249 -0.0510291
 27.7279699  4.2140289 -0.4064932 -0.0029209  0.1062063 -0.1159884 -0.0353785  0.0565356  0.0007287
 28.0011519  4.4585042 -0.5302030 -0.0245799  0.0095720  0.0770687  0.1959037  0.0222303 -0.0339283
 28.2743339  4.5214787 -0.3586395 -0.1560185  0.2466463 -0.1483161 -0.0291934  0.0755677  0.0680052
 28.5475159  4.5267653 -0.3363474  0.0450205  0.1545467 -0.2059244  0.3002350  0.0537465  0.0047046
 28.8206978  4.1762288 -0.7332389  0.0862441 -0.1053929 -0.1621042  0.1649040  0.0605556 -0.1176497
 29.0938798  4.3650289 -0.5988563  0.0644300 -0.0160068 -0.1378013 -0.1752627 -0.0894713  0.0410518
 29.3670618  4.5297079 -0.4700152  0.0948550  0.0664901 -0.1133445 -0.0184412 -0.0973054 -0.0147486
 29.6402437  4.3728047 -0.4578868 -0.1272127  0.0866825  0.3913141 -0.1758693 -0.1053653  0.0265970
 29.9134257  4.3938147 -0.5966801 -0.0808865  0.0197912  0.3189347  0.2149424 -0.0885474  0.1114398
 30.1866077  4.5361828 -0.4569945  0.0601723 -0.1186684 -0.0290912 -0.0298253  0.0629249 -0.0802703
 30.4597896  4.2993666 -0.4481750  0.1220569 -0.0532333 -0.1877157 -0.0003529  0.1174241  0.0621153
 30.7329716  4.1959342 -0.2683281  0.1391993 -0.1326522 -0.1263699 -0.1613677  0.1329773 -0.0116305
 31.0061536  4.2877730 -0.5600924  0.0648268  0.1463093 -0.1519159 -0.0638141  0.1081372  0.0702634
 31.2793356  4.8017921 -0.6625075  0.0759054  0.1167385 -0.4096035  0.0872096  0.1246529 -0.0933242
 31.5525175  4.5657317 -0.5240861  0.0670210  0.0339508 -0.1254976 -0.1184392  0.0004831  0.0787717
 31.8256995  4.5388081 -0.6355147  0.0672456 -0.0068514 -0.2130363  0.2352228 -0.0069479  0.0995505
 32.0988815  4.1247586 -1.1841398  0.1686534  0.0715972  0.0547218  0.1017273  0.1060106  0.1223961
 32.3720634  4.4505890 -0.6326612 -0.0812436  0.3744245  0.2954679 -0.1451692 -0.0624984  0.1034792
 32.6452454  5.0009959 -0.2655299 -0.1226598  0.1319554 -0.2850100  0.0161884 -0.0645355  0.0907026
 32.9184274  4.0038940 -0.7440936 -0.1632559 -0.0372094  0.5736501  0.2851429 -0.0294088  0.0050401
 33.1916093  4.3333220 -0.1583943  0.0873439  0.0769862  0.1491825  0.1534425 -0.0600512 -0.0006804
 33.4647913  4.1108357 -0.4207291 -0.1371224  0.1202461  0.0663519 -0.3950847  0.0402228  0.0522099
 33.7379733  4.2150942 -0.0762113 -0.2772554  0.0670582  0.3704316  0.1607169 -0.1040148 -0.0155717
 34.0111552  4.5051225 -0.3567896 -0.0369978  0.2081965  0.1552052  0.0687551 -0.0928094 -0.0229484
 34.2843372  4.4341933 -0.6449935  0.0137304  0.0535296 -0.3477528 -0.0044870 -0.0476643  0.1586732
 34.5575192  4.4493809 -0.2166363  0.0012165 -0.1851027 -0.0280884 -0.2082634 -0.0256793  0.0032800
 34.8307012  4.2246074 -0.3707331  0.0374690  0.0969489  0.0821219  0.0502665 -0.0949445 -0.0697050
 35.1038831  4.6416878 -0.3663040  0.0878748  0.2762765 -0.3157335  0.0802279 -0.0409381 -0.0599730
 35.3770651  4.9030208 -0.3486388 -0.0348792  0.1331219 -0.1093324  0.3457617 -0.0320607 -0.0510112
 35.6502471  4.4737066 -0.0529454  0.0181093 -0.0436075 -0.0258761 -0.3690279 -0.0487186 -0.1013194
 35.9234290  3.9706363 -0.4159024  0.1725551  0.1269828  0.0067130  0.1875677 -0.0793497 -0.0378782
 36.1966110  4.2994917 -0.8917596  0.1873935  0.1959409  0.0614699  0.4103818  0.0646144  0.0639323
 36.4697930  4.4763634 -0.6044754  0.2001801  0.1390976  0.2475711 -0.4527677  0.1238797 -0.1408364
 36.7429749  4.7896790 -0.3084298 -0.2885870  0.2123306 -0.1955711 -0.2612295 -0.0394378 -0.0576562
 37.0161569  4.3992934 -0.2830210  0.0501236 -0.2031565  0.3316339  0.0500198 -0.0572703  0.0788624
 37.2893389  4.4747304 -0.1849232  0.0391462 -0.0689794  0.0755900 -0.3692068  0.0352471  0.0087318
 37.5625209  4.2714135 -0.8955151 -0.3378427  0.0814422 -0.0393964  0.0720553 -0.1287801  0.0079409
 37.8357028  4.5208211 -0.2292477  0.0668995 -0.0066725 -0.2134971 -0.5149883 -0.0230490 -0.0697742
 38.1088848  3.8226795 -0.4795794  0.0159557  0.3851994  0.2278094  0.0887845  0.1176193  0.1067396
 38.3820668  4.5328767 -0.4708923 -0.1064570  0.2045285 -0.4423672  0.2282543  0.1553091 -0.1067854
 38.6552487  4.2339891 -0.6860370  0.2490602  0.0295018  0.2697435  0.0290084  0.0425947 -0.0303212
 38.9284307  4.6192877 -0.1772194  0.0308570  0.0803385 -0.1915928  0.0038115 -0.1103508  0.0163753
 39.2016127  3.8631505 -0.5624400 -0.2796678  0.0694449 -0.0050887  0.1536781 -0.0588398 -0.0819497
 39.4747946  4.4481520 -0.1587577 -0.0172338  0.1060526 -0.3081369 -0.0257505 -0.1058229 -0.0367029
 39.7479766  4.2302709 -0.2375556 -0.0783794 -0.0315781 -0.0974661  0.1173602 -0.0628206  0.0486425
 40.0211586  4.4821071 -0.7691682  0.0640172  0.1264453 -0.6412644  0.8784515 -0.1352994  0.0620577
